size of 1A43 = 2411
  3.5370  |  0.1927 
  2.5506  |  0.1986 
  2.6487  |  0.1843 
  2.5951  |  0.1748 
  2.5652  |  0.1852 
  2.5537  |  0.1770 
  2.6071  |  0.1790 
  2.5905  |  0.1916 
  2.6367  |  0.2012 
  2.6071  |  0.1761 
  2.6330  |  0.1858 
  2.5956  |  0.1842 
  2.6279  |  0.1793 
  2.6076  |  0.1732 
  2.6228  |  0.1674 
  2.6770  |  0.1781 
  2.6609  |  0.1718 
  2.6347  |  0.1750 
  2.6071  |  0.1675 
  2.6508  |  0.1628 
size of 1A43 = 2489
  2.8409  |  0.4752 
  2.8201  |  0.4901 
  2.8727  |  0.4973 
  2.9080  |  0.4851 
  2.9037  |  0.4898 
  2.9129  |  0.4538 
  2.9409  |  0.4878 
  2.8263  |  0.5005 
  2.7712  |  0.5096 
  2.8185  |  0.4807 
  2.8374  |  0.5252 
  2.8245  |  0.5270 
  2.8013  |  0.4964 
  2.7744  |  0.4986 
  2.8330  |  0.5018 
  2.8606  |  0.4970 
  2.7692  |  0.4867 
  2.7894  |  0.4696 
  2.8283  |  0.5147 
  2.7661  |  0.4777 
size of 1A43 = 2479
  2.7640  |  0.4119 
  2.7825  |  0.4705 
  2.7999  |  0.4641 
  2.7517  |  0.4555 
  2.7997  |  0.4352 
  2.7900  |  0.4167 
  2.8856  |  0.4162 
  2.7761  |  0.4397 
  2.7732  |  0.4307 
  2.8430  |  0.4545 
  2.8066  |  0.4522 
  2.7415  |  0.4558 
  2.7552  |  0.4538 
  2.7939  |  0.4351 
  2.7958  |  0.4409 
  2.8097  |  0.4117 
  2.7456  |  0.3923 
  2.7884  |  0.4192 
  2.7912  |  0.3999 
  2.7358  |  0.4089 
size of 1A43 = 2495
  2.8401  |  0.2297 
  2.8501  |  0.2344 
  2.7583  |  0.2543 
  2.7963  |  0.2346 
  2.7855  |  0.2435 
  2.7930  |  0.2273 
  2.8083  |  0.2383 
  2.8114  |  0.2227 
  2.7821  |  0.2238 
  2.8208  |  0.2200 
  2.8647  |  0.2191 
  2.7804  |  0.2213 
  2.8835  |  0.2114 
  2.7962  |  0.2148 
  2.7964  |  0.2132 
  2.8246  |  0.2166 
  2.8138  |  0.2194 
  2.8274  |  0.2166 
  2.8363  |  0.2198 
  2.8851  |  0.2310 
size of 1A43 = 2496
  2.8864  |  3.3185 
  2.8430  |  3.2258 
  2.8210  |  3.0476 
  2.9323  |  3.1307 
  2.9995  |  3.2985 
  2.8300  |  3.2977 
  2.8110  |  3.3439 
  2.8086  |  3.3008 
  2.8151  |  3.3501 
  2.8236  |  3.3485 
  2.8224  |  3.3499 
  2.8332  |  3.3059 
  2.8099  |  3.2060 
  2.8351  |  3.3071 
  2.9793  |  3.4571 
  2.9410  |  3.3531 
  2.8623  |  3.3342 
  2.8446  |  3.4788 
  2.8378  |  3.4469 
  2.8341  |  3.5197 
size of 1A43 = 2503
  2.8655  |  0.2807 
  2.8214  |  0.2737 
  2.8286  |  0.2860 
  2.8981  |  0.2860 
  2.8601  |  0.2705 
  2.9862  |  0.2769 
  2.8134  |  0.2813 
  2.8262  |  0.2912 
  2.8625  |  0.2847 
  2.8306  |  0.2761 
  2.9313  |  0.2837 
  2.9592  |  0.2863 
  3.0216  |  0.3031 
  2.8494  |  0.2713 
  2.8109  |  0.2805 
  2.8329  |  0.2701 
  2.9036  |  0.2730 
  2.8689  |  0.2728 
  2.8075  |  0.2853 
  2.8552  |  0.2722 
size of 1A5E = 5593
  12.6924  |  0.7407 
  12.6855  |  0.7588 
  12.7056  |  0.7268 
  13.0627  |  0.7309 
  12.8858  |  0.7124 
  12.6526  |  0.7394 
  12.6770  |  0.7118 
  12.7073  |  0.6955 
  12.8977  |  0.6924 
  12.6797  |  0.7005 
  12.7214  |  0.7269 
  12.6764  |  0.7344 
  12.6998  |  0.6738 
  13.2858  |  0.6877 
  12.6853  |  0.7202 
  12.8583  |  0.7156 
  12.7384  |  0.6818 
  12.6903  |  0.7132 
  13.3379  |  0.7145 
  12.7537  |  0.6917 
size of 1A5E = 5591
  12.8155  |  0.6409 
  12.9929  |  0.6432 
  12.9087  |  0.6765 
  13.2763  |  0.6325 
  12.8596  |  0.6375 
  13.0315  |  0.6628 
  12.9183  |  0.6838 
  12.8992  |  0.6867 
  13.6567  |  0.6837 
  12.9365  |  0.6491 
  12.9893  |  0.6819 
  13.1339  |  0.6726 
  13.0146  |  0.6453 
  13.5315  |  0.6524 
  13.5017  |  0.7517 
  13.0200  |  0.7113 
  13.0589  |  0.6639 
  13.2701  |  0.7146 
  13.5176  |  0.7002 
  13.0263  |  0.6638 
size of 1A5E = 5591
  13.3267  |  60.5249 
  13.2403  |  58.9792 
  13.1002  |  58.0957 
  13.3870  |  58.5995 
  13.1664  |  58.6172 
  13.1456  |  59.3391 
  13.4435  |  59.4237 
  13.2170  |  58.7334 
  13.1871  |  61.1751 
  13.4975  |  61.6003 
  13.5707  |  59.0285 
  13.3878  |  60.1949 
  13.3326  |  60.4334 
  13.2167  |  59.7592 
  13.3843  |  58.0945 
  13.5484  |  56.3510 
  13.2544  |  56.3900 
  13.1312  |  56.8702 
  13.1337  |  56.9428 
  13.1396  |  58.9554 
size of 1A5E = 5593
  13.3541  |  0.8754 
  13.1858  |  0.8881 
  13.1207  |  0.9330 
  13.5471  |  0.8990 
  13.5542  |  0.9156 
  13.2689  |  0.8658 
  13.1591  |  0.9349 
  13.1455  |  0.9486 
  13.9383  |  0.9623 
  13.5191  |  0.9489 
  13.1845  |  0.9270 
  13.3035  |  1.0043 
  13.2745  |  1.0243 
  13.6755  |  1.0016 
  13.6229  |  1.0048 
  13.3528  |  1.0434 
  13.4410  |  0.9665 
  13.2619  |  0.9760 
  13.3152  |  1.0207 
  13.7163  |  1.0592 
size of 1AEP = 3935
  7.9894  |  7.0638 
  7.8993  |  6.8645 
  7.8598  |  6.7915 
  7.8618  |  6.7706 
  8.1311  |  6.9860 
  8.0590  |  6.6690 
  7.9192  |  6.6293 
  7.8609  |  6.5038 
  7.8307  |  6.6585 
  7.9677  |  6.7545 
  8.2010  |  6.5587 
  7.8436  |  6.5035 
  7.8238  |  6.6477 
  7.8675  |  6.4963 
  7.8816  |  6.6569 
  8.0520  |  6.5486 
  7.8392  |  6.4252 
  7.8272  |  6.6073 
  7.8002  |  6.5802 
  7.9045  |  6.7493 
size of 1AEP = 3937
  8.0655  |  0.9795 
  7.9293  |  0.9819 
  7.9614  |  1.0361 
  7.9034  |  0.9866 
  7.9060  |  1.0083 
  7.8812  |  1.0463 
  7.8592  |  1.0254 
  8.0828  |  0.9937 
  8.0707  |  0.9722 
  7.8754  |  1.0392 
  7.9314  |  0.9433 
  7.9268  |  0.9517 
  7.8185  |  1.0075 
  7.8198  |  0.9882 
  8.2311  |  0.9653 
  8.1440  |  0.9986 
  7.8104  |  0.9957 
  7.9128  |  0.9965 
  7.8848  |  0.9746 
  7.8842  |  1.0045 
size of 1AEP = 3937
  7.8637  |  0.6746 
  7.8723  |  0.6757 
  8.1058  |  0.6209 
  8.0927  |  0.6583 
  7.8811  |  0.6437 
  7.8609  |  0.6558 
  8.0355  |  0.6539 
  7.8915  |  0.6582 
  7.8307  |  0.5800 
  7.9615  |  0.6395 
  7.9238  |  0.6072 
  7.8132  |  0.6168 
  7.9122  |  0.6259 
  7.8304  |  0.6567 
  7.8298  |  0.6069 
  7.9070  |  0.5628 
  7.8398  |  0.5477 
  8.0763  |  0.5902 
  7.8788  |  0.6159 
  7.8268  |  0.5388 
size of 1AEP = 4009
  8.0820  |  3.1858 
  8.1336  |  3.1314 
  8.3010  |  3.1224 
  8.1681  |  3.1770 
  8.5147  |  3.2161 
  8.3549  |  3.0364 
  8.1452  |  3.1189 
  8.0994  |  3.0601 
  8.1281  |  3.0991 
  8.0705  |  3.0954 
  8.5275  |  3.1790 
  8.3018  |  3.2091 
  8.1589  |  3.0681 
  8.1131  |  3.0986 
  8.1735  |  3.2159 
  8.0424  |  2.9829 
  8.2269  |  3.0601 
  8.2601  |  2.9899 
  8.1561  |  3.0778 
  8.1045  |  3.1113 
size of 1AEP = 3930
  7.9085  |  2.4854 
  7.8483  |  2.5170 
  7.9354  |  2.4553 
  8.2020  |  2.5368 
  8.0573  |  2.5684 
  7.9071  |  2.5599 
  7.8514  |  2.4729 
  7.8258  |  2.4794 
  7.9193  |  2.5530 
  8.0773  |  2.4788 
  8.1158  |  2.7160 
  7.8457  |  2.6397 
  7.9627  |  2.5862 
  7.9307  |  2.4872 
  8.0377  |  2.5356 
  7.9255  |  2.4637 
  8.0484  |  2.5369 
  7.9771  |  2.4536 
  7.8322  |  2.4519 
  7.9314  |  2.4657 
size of 1AG2 = 3086
  4.9208  |  0.5669 
  4.8497  |  0.5700 
  4.9054  |  0.5442 
  4.9180  |  0.5472 
  4.8729  |  0.5715 
  4.9158  |  0.5771 
  5.0471  |  0.5562 
  4.9434  |  0.5699 
  4.9561  |  0.5708 
  4.9125  |  0.5788 
  5.0070  |  0.5945 
  4.8938  |  0.5852 
  4.9087  |  0.5817 
  4.9517  |  0.6140 
  4.9076  |  0.6425 
  4.9033  |  0.6248 
  4.9076  |  0.6063 
  4.8709  |  0.6553 
  4.8591  |  0.6462 
  5.0433  |  0.6532 
size of 1AG2 = 3075
  4.9095  |  1.1082 
  4.8855  |  1.1210 
  4.8578  |  1.1217 
  4.8707  |  1.0594 
  4.8382  |  1.0685 
  4.8078  |  1.1050 
  4.8187  |  1.1022 
  4.8537  |  1.0746 
  4.8502  |  1.0741 
  4.8919  |  1.1136 
  4.8265  |  1.0842 
  4.9749  |  1.1237 
  4.9761  |  1.1698 
  5.0985  |  1.1519 
  4.8381  |  1.1055 
  4.8470  |  1.0860 
  4.8631  |  1.0495 
  4.8405  |  1.1042 
  4.8405  |  1.1363 
  4.8440  |  1.0942 
size of 1AG2 = 3085
  4.9298  |  16.4522 
  4.9353  |  16.1496 
  4.8993  |  15.9207 
  4.8836  |  16.5523 
  4.9300  |  16.1830 
  4.9318  |  15.9961 
  4.8747  |  15.9256 
  4.8912  |  15.5785 
  4.9135  |  15.5419 
  5.0029  |  15.3476 
  4.9035  |  15.2022 
  4.9796  |  15.8343 
  4.9189  |  15.6600 
  4.9423  |  15.4527 
  4.8912  |  15.5076 
  4.9345  |  15.5916 
  4.9916  |  15.6626 
  4.9721  |  15.8530 
  5.1000  |  15.4583 
  5.1459  |  15.2629 
size of 1AG2 = 3088
  5.2115  |  1.7362 
  5.1112  |  1.7555 
  5.1560  |  1.7811 
  5.1932  |  1.7619 
  5.1618  |  1.7991 
  5.1328  |  1.8018 
  5.1459  |  1.8372 
  5.1492  |  1.7994 
  5.1265  |  1.8218 
  5.1917  |  1.8130 
  5.1783  |  1.7217 
  5.1616  |  1.7516 
  5.1236  |  1.7309 
  5.1659  |  1.6701 
  5.1212  |  1.5528 
  5.1251  |  1.6311 
  5.1673  |  1.6991 
  5.1314  |  1.7323 
  5.1198  |  1.7029 
  5.2329  |  1.7837 
size of 1AG2 = 3083
  5.2084  |  1.3569 
  5.2891  |  1.3940 
  5.1697  |  1.3483 
  5.1353  |  1.3297 
  5.1432  |  1.3430 
  5.1343  |  1.3060 
  5.1088  |  1.3852 
  5.1777  |  1.4407 
  5.0970  |  1.4586 
  5.1108  |  1.4642 
  5.1762  |  1.4807 
  5.1678  |  1.4523 
  5.1083  |  1.4834 
  5.1023  |  1.4364 
  5.1301  |  1.4873 
  4.9590  |  1.4857 
  4.9168  |  1.3806 
  4.8849  |  1.3971 
  4.9128  |  1.3402 
  5.0631  |  1.3397 
size of 1AG2 = 3088
  4.9367  |  2.2286 
  4.9772  |  2.2523 
  4.9474  |  2.2651 
  4.9920  |  2.2576 
  5.0165  |  2.2507 
  4.9098  |  2.1346 
  5.0870  |  2.2046 
  4.9207  |  2.1907 
  4.9183  |  2.1298 
  4.9977  |  2.2570 
  4.9921  |  2.1097 
  4.9597  |  2.2163 
  4.9723  |  2.3074 
  4.9434  |  2.1031 
  5.0655  |  2.1428 
  4.9871  |  2.1886 
  4.9104  |  2.2865 
  4.9895  |  2.2517 
  4.9544  |  2.1709 
  5.0117  |  2.2302 
size of 1AG2 = 3086
  5.0842  |  1.1901 
  4.9063  |  1.2231 
  4.8733  |  1.2008 
  4.8805  |  1.2313 
  4.9767  |  1.0582 
  5.0017  |  1.0225 
  4.9728  |  1.2110 
  4.9644  |  1.2241 
  4.9522  |  1.2848 
  4.9165  |  1.3106 
  4.9425  |  1.1942 
  4.9617  |  1.2588 
  4.8918  |  1.2746 
  4.9381  |  1.2849 
  4.9034  |  1.2921 
  4.8785  |  1.2787 
  4.8621  |  1.2322 
  4.9926  |  1.2835 
  4.9292  |  1.2386 
  4.9095  |  1.2692 
size of 1AG2 = 3084
  4.9302  |  4.0458 
  5.0126  |  4.0186 
  5.0063  |  3.9819 
  5.0707  |  4.0031 
  4.9330  |  4.0776 
  4.9058  |  4.0729 
  4.8654  |  4.0611 
  4.9371  |  4.0747 
  4.9209  |  3.9618 
  4.9289  |  3.9909 
  4.9337  |  4.0211 
  4.9685  |  3.9303 
  4.9537  |  4.0294 
  4.8725  |  3.8829 
  4.9242  |  3.9366 
  4.9623  |  3.8247 
  4.9155  |  3.9923 
  4.9163  |  3.9999 
  4.9087  |  3.9070 
  4.9355  |  3.7858 
size of 1AG2 = 3091
  5.0420  |  1.9807 
  4.9505  |  1.8560 
  4.9752  |  1.8170 
  4.9217  |  1.7445 
  4.9865  |  1.8284 
  4.9476  |  1.7417 
  4.9581  |  1.8917 
  4.9114  |  1.8805 
  5.0512  |  1.9405 
  5.0838  |  2.0301 
  5.0147  |  1.8787 
  4.9556  |  1.9091 
  5.0777  |  1.8971 
  4.9056  |  1.8545 
  4.9718  |  1.8223 
  5.0161  |  1.9915 
  4.9394  |  1.7708 
  4.9206  |  1.8933 
  4.9380  |  1.8162 
  5.0282  |  1.8808 
size of 1AG2 = 3089
  5.0539  |  0.8289 
  5.0080  |  0.7588 
  4.9175  |  0.7685 
  4.9663  |  0.7708 
  4.9514  |  0.7898 
  4.9754  |  0.7818 
  4.9918  |  0.7887 
  4.9594  |  0.7838 
  4.9429  |  0.7789 
  5.0429  |  0.8422 
  4.9925  |  0.7767 
  4.9883  |  0.7884 
  5.1309  |  0.7747 
  5.0790  |  0.7267 
  4.9464  |  0.7622 
  4.8971  |  0.7182 
  4.9785  |  0.7296 
  4.9931  |  0.7330 
  4.9469  |  0.7267 
  4.9357  |  0.7595 
size of 1AG2 = 3046
  4.8240  |  1.4373 
  4.8376  |  1.4399 
  4.7937  |  1.4145 
  4.9676  |  1.4478 
  4.9239  |  1.4273 
  4.9190  |  1.4094 
  4.8263  |  1.3911 
  4.8721  |  1.4380 
  4.8523  |  1.4030 
  4.8535  |  1.4299 
  4.8411  |  1.4075 
  4.8817  |  1.4051 
  4.9322  |  1.5103 
  4.8571  |  1.4224 
  4.9242  |  1.4219 
  4.9623  |  1.4736 
  4.9181  |  1.4872 
  4.8330  |  1.4612 
  4.8625  |  1.4622 
  4.8167  |  1.4531 
size of 1AKY = 3957
  9.5039  |  2.2183 
  9.5731  |  2.1945 
  9.7405  |  2.1325 
  10.2225  |  2.2236 
  9.6546  |  2.2225 
  9.6914  |  2.2146 
  9.5813  |  2.2671 
  9.6808  |  2.2991 
  9.7109  |  2.3612 
  10.2200  |  2.3202 
  9.6943  |  2.1056 
  9.7334  |  2.2712 
  9.8157  |  2.1495 
  9.5732  |  2.1644 
  9.8574  |  2.1985 
  10.2959  |  2.1187 
  9.8209  |  2.1812 
  9.8520  |  2.0639 
  9.7399  |  2.0893 
  9.5728  |  2.1195 
size of 1AKY = 3964
  9.7434  |  2.6175 
  10.1300  |  2.6114 
  9.5443  |  2.6070 
  9.6467  |  2.8888 
  9.5670  |  2.6544 
  9.6774  |  2.7004 
  9.8881  |  2.7879 
  9.7888  |  2.9282 
  9.5152  |  2.9919 
  9.6409  |  2.8316 
  9.6443  |  2.9379 
  9.5350  |  2.8729 
  9.9400  |  2.9748 
  9.6840  |  2.9966 
  9.7418  |  3.1122 
  9.6820  |  2.8792 
  9.7760  |  3.1192 
  9.7085  |  3.0591 
  9.8952  |  2.8741 
  9.7096  |  2.8190 
size of 1AKY = 3960
  9.6426  |  7.2578 
  9.6867  |  7.1620 
  9.6660  |  7.3292 
  9.7808  |  7.3832 
  9.8132  |  7.3779 
  9.6976  |  7.3548 
  9.6063  |  7.2789 
  9.9392  |  7.4014 
  9.7101  |  7.4193 
  9.7418  |  7.4966 
  9.5662  |  7.2649 
  9.6956  |  7.3442 
  9.7388  |  7.0624 
  9.6440  |  7.1894 
  9.5723  |  7.2983 
  9.6918  |  7.2307 
  10.0098  |  7.4144 
  9.6543  |  7.5424 
  9.6551  |  7.5805 
  9.6550  |  7.2426 
size of 1AKY = 3961
  9.7080  |  1.3029 
  10.0470  |  1.2589 
  9.8800  |  1.2538 
  9.7727  |  1.2604 
  9.6889  |  1.2794 
  9.5643  |  1.2333 
  9.6916  |  1.3294 
  9.9638  |  1.3242 
  9.7478  |  1.1364 
  9.5666  |  1.3091 
  9.6628  |  1.2138 
  9.6979  |  1.1602 
  9.5841  |  1.2293 
  9.6969  |  1.1415 
  9.8623  |  1.1792 
  9.7241  |  1.2715 
  9.6296  |  1.2658 
  9.7198  |  1.1720 
  9.7402  |  1.1652 
  9.5830  |  1.2715 
size of 1AKY = 3941
  9.9586  |  1.0455 
  9.5410  |  1.1893 
  9.5869  |  1.1763 
  9.5710  |  1.2091 
  9.6371  |  1.1393 
  9.5733  |  1.2010 
  9.9423  |  1.0919 
  9.7296  |  1.1585 
  9.6446  |  1.1530 
  9.6403  |  1.1884 
  9.6538  |  1.1714 
  9.6897  |  1.2406 
  9.5907  |  1.1739 
  9.7850  |  1.1260 
  9.6327  |  1.2217 
  9.6600  |  1.2316 
  9.6060  |  1.1768 
  9.5993  |  1.1438 
  9.6136  |  1.0945 
  10.0586  |  1.1283 
size of 1AKY = 3959
  9.8207  |  1.8499 
  9.7660  |  1.8607 
  9.6465  |  1.8374 
  9.6700  |  1.7655 
  9.7493  |  1.7897 
  10.2376  |  1.8270 
  9.7413  |  1.7987 
  9.7072  |  1.7084 
  9.6634  |  1.7443 
  9.6817  |  1.7755 
  9.5972  |  1.7780 
  10.2545  |  1.7475 
  9.8452  |  1.8957 
  9.5693  |  1.8410 
  9.6276  |  1.7911 
  9.8411  |  1.9115 
  9.6890  |  1.8240 
  10.0791  |  1.8438 
  9.7526  |  1.8723 
  9.6445  |  1.8844 
size of 1AKY = 3944
  9.6426  |  1.8516 
  9.7066  |  1.8131 
  9.6824  |  1.8272 
  9.8853  |  1.7713 
  9.6503  |  1.9749 
  9.5448  |  2.0440 
  9.6231  |  1.8842 
  9.6542  |  1.6954 
  9.6179  |  1.8216 
  9.8511  |  1.8366 
  9.6395  |  1.8892 
  9.6092  |  1.8760 
  9.5358  |  1.8682 
  9.6968  |  1.8315 
  9.6007  |  1.9299 
  9.9894  |  1.8618 
  9.5784  |  1.7179 
  9.6702  |  1.7279 
  9.6105  |  1.9125 
  9.7224  |  1.7493 
size of 1B8E = 3989
  8.3451  |  4.5066 
  8.5646  |  4.7645 
  8.2332  |  4.6029 
  8.3361  |  4.6485 
  8.2909  |  4.4912 
  8.2743  |  4.5797 
  8.7521  |  4.7476 
  8.3794  |  4.7599 
  8.2843  |  4.7603 
  8.2021  |  4.7499 
  8.1884  |  4.7839 
  8.4664  |  4.7979 
  8.3269  |  4.7493 
  8.2484  |  4.7798 
  8.2380  |  4.8003 
  8.3502  |  4.7132 
  8.2910  |  4.8047 
  8.3635  |  4.7243 
  8.2244  |  4.6976 
  8.3661  |  4.7141 
size of 1B8E = 3988
  8.3152  |  3.8631 
  8.2705  |  3.7499 
  8.5915  |  3.7712 
  8.2331  |  3.8516 
  8.2436  |  3.7692 
  8.3545  |  3.7653 
  8.2683  |  3.6690 
  8.2684  |  3.6967 
  8.6918  |  3.8145 
  8.2999  |  3.8329 
  8.1609  |  3.7054 
  8.2294  |  3.8065 
  8.2419  |  3.8185 
  8.3118  |  3.6629 
  8.5514  |  3.7502 
  8.1946  |  3.7970 
  8.2849  |  3.7662 
  8.2238  |  3.7026 
  8.3153  |  3.7868 
  8.1997  |  3.7362 
size of 1BLC = 4855
  15.4244  |  2.8964 
  14.8472  |  2.9256 
  14.8440  |  3.2044 
  14.7875  |  3.0754 
  15.3972  |  3.1461 
  15.0263  |  2.8926 
  14.8590  |  2.8881 
  14.8288  |  2.9256 
  14.8979  |  3.0738 
  14.8846  |  2.7749 
  14.9146  |  3.0535 
  14.7843  |  3.0166 
  15.1019  |  2.8799 
  15.1252  |  2.6628 
  14.7642  |  2.6858 
  14.8116  |  2.9556 
  15.2571  |  3.0388 
  14.9169  |  2.8157 
  14.8486  |  2.7446 
  14.8254  |  2.5792 
size of 1BLC = 4820
  15.3943  |  3.0663 
  14.7230  |  3.1618 
  14.5331  |  2.9184 
  14.8325  |  2.9430 
  15.5009  |  3.1828 
  14.5987  |  3.0425 
  14.6430  |  2.8552 
  14.6874  |  3.1608 
  15.3660  |  3.0343 
  14.6825  |  3.0868 
  14.6318  |  3.0925 
  14.5740  |  3.2174 
  15.2793  |  3.1733 
  14.7368  |  3.1837 
  14.6320  |  3.4195 
  14.6794  |  3.2577 
  14.9217  |  3.0580 
  14.9011  |  3.1800 
  14.6422  |  3.2171 
  14.6576  |  3.1179 
size of 1BOY = 6478
  20.7363  |  5.2457 
  20.4810  |  4.7179 
  20.8517  |  5.0171 
  20.2199  |  4.8013 
  20.3987  |  5.2857 
  23.4453  |  5.1414 
  20.4006  |  5.1687 
  20.4800  |  5.1745 
  20.2280  |  4.9314 
  20.4605  |  4.8099 
  20.4588  |  4.9317 
  20.3380  |  4.7379 
  20.2606  |  5.0096 
  20.7973  |  5.0522 
  20.1818  |  5.0750 
  20.2721  |  5.0535 
  20.4548  |  5.1308 
  20.2661  |  4.9828 
  20.5405  |  4.9999 
  21.2558  |  5.2070 
size of 1BOY = 6484
  20.3871  |  3.4197 
  20.4723  |  3.4164 
  21.4568  |  3.3480 
  20.4754  |  3.4794 
  20.4323  |  3.3666 
  21.3614  |  3.3859 
  20.4998  |  3.4962 
  20.4402  |  3.2483 
  21.2862  |  3.6338 
  20.3949  |  3.5715 
  20.4808  |  3.4439 
  21.5239  |  3.6337 
  20.3664  |  3.4328 
  20.5851  |  3.4766 
  21.4073  |  3.4825 
  20.6686  |  3.4391 
  20.7585  |  3.4775 
  20.5879  |  3.5514 
  20.8030  |  3.2750 
  20.4874  |  3.4710 
size of 1CAH = 5052
  15.8604  |  2.4701 
  16.7247  |  2.5603 
  16.0999  |  2.4524 
  15.7594  |  2.5770 
  15.7971  |  2.6479 
  15.9620  |  2.5058 
  16.0189  |  2.3822 
  15.9966  |  2.4432 
  15.8136  |  2.5359 
  15.8169  |  2.5931 
  16.4037  |  2.5082 
  16.2232  |  2.4821 
  15.8868  |  2.5619 
  15.8913  |  2.6272 
  16.2168  |  2.5891 
  15.9719  |  2.4776 
  15.8139  |  2.6252 
  15.9074  |  2.5047 
  16.5019  |  2.5526 
  16.1340  |  2.4043 
size of 1CAH = 5046
  15.8009  |  7.6984 
  15.8327  |  7.7514 
  16.6001  |  7.7833 
  15.9475  |  7.6388 
  15.8467  |  7.9901 
  15.8778  |  7.9131 
  16.0924  |  7.7333 
  15.9719  |  7.9166 
  15.6989  |  8.0074 
  16.5955  |  7.9577 
  15.7330  |  7.8408 
  15.6872  |  7.7251 
  15.9653  |  7.8556 
  16.2182  |  7.6094 
  15.7034  |  7.9478 
  15.7399  |  7.5696 
  15.9488  |  7.9776 
  15.8107  |  7.6306 
  15.9484  |  7.8597 
  16.3442  |  7.8365 
size of 1CAH = 5054
  16.0875  |  10.8478 
  15.8006  |  11.0178 
  16.7768  |  10.8448 
  15.8062  |  11.1005 
  15.8703  |  10.2199 
  16.1647  |  10.2071 
  15.8444  |  10.5107 
  15.9717  |  10.8544 
  42.8791  |  10.8551 
  17.1929  |  10.8867 
  16.1127  |  10.7378 
  15.8664  |  10.4385 
  16.1839  |  10.0113 
  15.7542  |  10.0893 
  15.8741  |  10.0443 
  16.2831  |  10.3939 
  15.9578  |  10.5405 
  15.9291  |  10.2717 
  16.1672  |  10.3413 
  15.7850  |  10.3519 
size of 1G4I = 3925
  8.2971  |  0.7028 
  8.1918  |  0.6988 
  8.3037  |  0.6759 
  8.3752  |  0.6710 
  8.4314  |  0.6813 
  8.4144  |  0.7056 
  8.5019  |  0.7076 
  8.1488  |  0.5576 
  7.0072  |  0.5739 
  7.0154  |  0.5776 
  7.0122  |  0.5798 
  7.0881  |  0.5894 
  7.5748  |  0.6139 
  14.1973  |  1.1660 
  14.1249  |  1.1962 
  7.6565  |  0.6024 
  7.1889  |  0.5719 
  7.0477  |  0.5633 
  9.8258  |  1.2049 
  13.6974  |  1.2665 
size of 1G4I = 3939
  11.3803  |  2.2298 
  11.7715  |  2.1036 
  10.1315  |  2.1759 
  7.7994  |  2.0950 
  7.7808  |  2.1362 
  7.3447  |  2.0847 
  7.1182  |  2.0783 
  7.1518  |  2.0153 
  7.1014  |  2.0689 
  12.7954  |  2.1605 
  7.6871  |  2.1009 
  7.6402  |  2.1187 
  7.8071  |  2.1071 
  7.6420  |  2.1227 
  7.1969  |  2.0814 
  7.1156  |  2.1187 
  7.3091  |  2.1780 
  7.9634  |  2.2209 
  7.8708  |  2.1522 
  7.7876  |  2.1583 
size of 1G4I = 3927
  7.3549  |  1.8394 
  7.8568  |  1.8801 
  7.8073  |  1.8955 
  7.7354  |  1.8384 
  7.3678  |  1.8822 
  7.2300  |  1.8542 
  7.3859  |  1.8400 
  13.7355  |  3.6795 
  13.6181  |  3.7707 
  13.5013  |  3.5705 
  13.7440  |  3.6218 
  13.5201  |  3.5959 
  10.2406  |  1.8682 
  8.0171  |  1.8637 
  7.6854  |  1.7998 
  7.7899  |  1.9514 
  8.0206  |  1.9191 
  7.7394  |  1.7410 
  7.3334  |  1.6985 
  7.1817  |  1.6876 
size of 1G4I = 3940
  7.1223  |  1.0226 
  7.1555  |  1.1078 
  14.6638  |  2.1787 
  8.0262  |  1.1269 
  7.7410  |  1.0554 
  7.7854  |  1.1152 
  8.0300  |  1.1451 
  7.9381  |  1.1039 
  7.9129  |  1.0793 
  7.4385  |  1.0990 
  7.1620  |  1.0557 
  7.2675  |  1.0089 
  7.3391  |  1.0159 
  7.4451  |  1.0958 
  8.2727  |  1.0941 
  8.1096  |  1.0125 
  7.7945  |  1.0665 
  8.1155  |  1.1346 
  7.9159  |  1.0721 
  7.5897  |  1.0626 
size of 1G4I = 3947
  7.3100  |  0.3819 
  7.3279  |  0.3686 
  14.1052  |  0.8682 
  15.3881  |  0.7632 
  7.9411  |  0.4254 
  7.7530  |  0.4211 
  8.0564  |  0.4160 
  8.1083  |  0.4088 
  8.1506  |  0.4111 
  7.7590  |  0.3853 
  7.4530  |  0.3671 
  7.3437  |  0.3653 
  7.3414  |  0.3659 
  7.2941  |  0.3935 
  7.4009  |  0.3785 
  7.4385  |  0.3845 
  7.3567  |  0.3706 
  7.3439  |  0.3593 
  7.4546  |  0.3814 
  7.5404  |  0.3634 
size of 1G4I = 3932
  7.2735  |  1.2586 
  7.3437  |  1.2912 
  8.1371  |  1.3044 
  9.0307  |  1.2987 
  7.5943  |  1.3016 
  10.6165  |  1.3299 
  8.1547  |  1.2884 
  7.9483  |  1.2956 
  7.4739  |  1.2628 
  13.3060  |  2.4693 
  14.0784  |  2.6922 
  8.4704  |  1.3497 
  8.1867  |  1.2557 
  7.9716  |  1.2050 
  14.5833  |  2.6319 
  11.0297  |  1.2725 
  8.0354  |  1.2418 
  7.4868  |  1.2104 
  7.3375  |  1.2296 
  7.2621  |  1.2348 
size of 1G4I = 3916
  7.2842  |  1.1913 
  7.9360  |  1.1863 
  8.0068  |  1.1415 
  7.4684  |  1.2014 
  8.0054  |  1.1638 
  7.9947  |  1.2404 
  7.7951  |  1.1492 
  7.2595  |  1.1478 
  7.2083  |  1.1455 
  7.1815  |  1.1179 
  7.7037  |  1.1342 
  8.2140  |  1.1884 
  7.9915  |  1.1899 
  8.0089  |  1.1762 
  7.7218  |  1.2003 
  8.0670  |  1.2074 
  7.9894  |  1.1533 
  10.0172  |  1.1381 
  7.3534  |  1.1522 
  7.3636  |  1.1750 
size of 1G4I = 3939
  7.5519  |  0.5920 
  13.5347  |  1.1896 
  13.7464  |  1.1965 
  13.6128  |  1.1298 
  13.6920  |  1.2487 
  8.2054  |  0.6145 
  14.9607  |  1.2310 
  15.5994  |  1.1901 
  13.9599  |  1.1323 
  13.6187  |  1.1215 
  12.7493  |  0.6121 
  8.1215  |  0.5915 
  8.1618  |  0.5920 
  7.8851  |  0.6045 
  8.2398  |  0.6220 
  8.4227  |  0.6298 
  8.2552  |  0.5924 
  7.5980  |  0.5679 
  7.3355  |  0.5810 
  7.5982  |  0.6248 
size of 1G4I = 3822
  7.5599  |  20.5522 
  7.2724  |  19.7398 
  7.8740  |  19.9083 
  7.4541  |  20.4750 
  7.6628  |  19.6936 
  7.1147  |  19.6888 
  7.1053  |  19.2774 
  11.4217  |  33.5099 
  7.6653  |  18.9470 
  7.5306  |  20.2304 
  7.5778  |  20.1625 
  7.8422  |  19.0625 
  7.0092  |  19.9099 
  7.2910  |  19.9610 
  7.0889  |  19.2955 
  7.9946  |  19.9594 
  7.5031  |  19.8684 
  7.1438  |  19.7457 
  7.0624  |  19.1298 
  6.9582  |  19.5272 
size of 1G4I = 3932
  8.1801  |  1.1290 
  8.0417  |  1.0412 
  13.5844  |  1.0736 
  8.1043  |  1.1187 
  7.7737  |  1.0306 
  13.7556  |  2.0846 
  13.9233  |  2.2021 
  8.1507  |  1.1223 
  8.0724  |  1.0731 
  8.0287  |  1.0838 
  7.5770  |  1.1293 
  7.9546  |  1.1427 
  8.0535  |  1.0950 
  8.0478  |  1.1381 
  7.6550  |  1.1065 
  7.3054  |  1.1178 
  7.3358  |  1.0927 
  7.2964  |  1.0654 
  7.6114  |  1.1254 
  14.3395  |  2.1854 
size of 1HK0 = 4098
  19.7028  |  2.7451 
  18.6816  |  2.6429 
  16.4406  |  1.3312 
  17.4893  |  1.3660 
  10.1569  |  1.3696 
  10.6273  |  1.4085 
  10.7509  |  1.4047 
  10.7153  |  1.3614 
  9.7338  |  1.3676 
  9.8026  |  1.3680 
  9.8602  |  1.3569 
  9.7607  |  1.3825 
  9.9699  |  1.3367 
  9.9935  |  1.3922 
  9.8638  |  1.3598 
  18.0129  |  2.6953 
  18.7257  |  2.7808 
  11.9127  |  1.3242 
  10.2937  |  1.4231 
  10.8049  |  1.4198 
size of 1HK0 = 4117
  10.2007  |  28.1651 
  10.8544  |  28.2702 
  10.7237  |  27.8018 
  10.0168  |  29.1465 
  10.8049  |  27.4487 
  9.7764  |  29.0317 
  10.4135  |  28.4054 
  10.4281  |  27.5612 
  10.0217  |  28.1202 
  9.9564  |  27.6243 
  10.1761  |  27.7547 
  11.0422  |  27.7306 
  9.5629  |  27.9860 
  10.7497  |  28.5938 
  15.1073  |  47.5988 
  10.7968  |  28.0945 
  10.0151  |  26.6520 
  11.0339  |  27.6874 
  10.8283  |  28.3894 
  15.5922  |  27.9124 
size of 1HK0 = 4112
  10.0511  |  1.1169 
  9.8956  |  1.1562 
  9.7732  |  1.1562 
  17.6631  |  2.2955 
  20.0636  |  2.2638 
  19.9958  |  2.2172 
  18.7288  |  2.2173 
  9.7145  |  1.1313 
  10.5781  |  1.1675 
  20.1469  |  2.3737 
  18.4801  |  1.2121 
  9.8949  |  1.1377 
  9.5738  |  1.1348 
  18.7370  |  2.3842 
  19.9171  |  2.3149 
  14.6410  |  1.1395 
  9.5765  |  1.0983 
  9.6408  |  1.1938 
  11.0082  |  1.2298 
  10.8375  |  1.2708 
size of 1HK0 = 4108
  10.4608  |  1.1263 
  10.7856  |  1.2069 
  16.7482  |  2.4948 
  15.1286  |  1.1760 
  9.8678  |  1.2282 
  9.9217  |  1.2700 
  16.5682  |  1.4573 
  10.1203  |  1.2372 
  10.0814  |  1.1960 
  9.6788  |  1.1843 
  17.7901  |  2.4479 
  19.7057  |  2.4913 
  10.7485  |  1.2211 
  10.2728  |  1.1633 
  9.6078  |  1.1454 
  9.8084  |  1.2207 
  10.6962  |  1.1908 
  10.7745  |  1.1966 
  19.0723  |  2.5487 
  13.4622  |  1.2383 
size of 1HK0 = 4114
  9.9975  |  1.1764 
  9.6502  |  1.1645 
  9.6989  |  1.2194 
  10.8667  |  1.1910 
  10.3352  |  1.1727 
  10.7621  |  1.2437 
  10.7169  |  1.1665 
  9.7966  |  1.1616 
  9.6693  |  1.1971 
  10.7024  |  1.2552 
  11.2023  |  1.2523 
  10.6244  |  1.2033 
  10.6781  |  1.2126 
  10.8048  |  1.2579 
  10.6158  |  1.2270 
  9.9226  |  1.2103 
  9.8579  |  1.2197 
  9.9886  |  1.2339 
  9.9298  |  1.2291 
  9.9709  |  1.1997 
size of 1HK0 = 4123
  10.0687  |  1.3302 
  9.9763  |  1.2341 
  17.5522  |  2.2697 
  10.0293  |  1.2593 
  19.0073  |  2.5196 
  20.4375  |  2.5838 
  18.3964  |  2.3896 
  9.6428  |  1.1005 
  13.9792  |  1.1573 
  10.8217  |  1.1649 
  10.4344  |  1.1596 
  10.7091  |  1.1617 
  10.9591  |  1.1635 
  16.2118  |  2.3420 
  11.0569  |  1.2276 
  9.7000  |  1.1629 
  14.8291  |  1.2497 
  10.4641  |  1.1279 
  10.6931  |  1.1873 
  11.0293  |  1.1602 
size of 1HK0 = 4115
  9.8465  |  1.2929 
  9.5110  |  1.3654 
  10.5640  |  1.3981 
  11.0420  |  1.3907 
  10.5429  |  1.3368 
  10.4739  |  1.3790 
  20.1517  |  1.3603 
  9.7589  |  1.3548 
  9.8241  |  1.3201 
  9.6594  |  1.3453 
  9.7600  |  1.3685 
  18.3223  |  2.6916 
  18.2729  |  2.6613 
  9.6593  |  1.2839 
  9.5309  |  1.3032 
  13.8692  |  1.3796 
  10.6308  |  1.3698 
  10.4244  |  1.3318 
  10.7514  |  1.3425 
  10.0252  |  1.3210 
size of 1HK0 = 4101
  17.8643  |  1.0496 
  10.7752  |  1.0768 
  10.8599  |  1.0748 
  10.2480  |  1.0922 
  10.9354  |  1.0881 
  10.5948  |  1.1275 
  10.1700  |  1.0494 
  9.5755  |  1.0597 
  9.5953  |  1.0445 
  10.1965  |  1.0950 
  10.7997  |  1.1197 
  10.1156  |  1.0886 
  20.1382  |  2.0363 
  18.1399  |  2.2357 
  16.6734  |  1.0409 
  19.5225  |  1.0492 
  9.9606  |  1.0817 
  10.9472  |  1.1296 
  10.7652  |  1.1861 
  9.8843  |  1.0435 
size of 1HK0 = 4110
  9.7589  |  1.3490 
  9.7579  |  1.3382 
  9.6506  |  1.4263 
  9.7436  |  1.4094 
  14.8359  |  1.3762 
  9.6618  |  1.3967 
  18.3004  |  2.8892 
  20.0305  |  2.6800 
  13.4658  |  1.4750 
  10.5427  |  1.3578 
  9.8116  |  1.3490 
  10.0689  |  1.4362 
  11.1288  |  1.3765 
  11.4263  |  2.7801 
  20.7361  |  2.9258 
  18.8407  |  2.6465 
  18.2263  |  2.8812 
  20.0073  |  2.8022 
  12.8868  |  1.4183 
  10.2671  |  1.4485 
size of 1HK0 = 4108
  9.6602  |  1.2845 
  10.4431  |  1.3440 
  10.7815  |  1.3162 
  10.8423  |  1.2721 
  10.5029  |  1.3123 
  10.7464  |  1.3466 
  10.6718  |  1.2965 
  17.9136  |  2.5329 
  9.9779  |  1.2942 
  10.0547  |  1.2844 
  9.8465  |  1.3040 
  10.1725  |  1.3444 
  9.9989  |  1.2701 
  9.8046  |  1.2537 
  9.6539  |  1.2847 
  9.7988  |  1.3460 
  10.9300  |  1.3592 
  10.4145  |  1.2761 
  10.8173  |  1.4112 
  10.6683  |  1.3185 
size of 1HK0 = 4114
  9.7375  |  1.3969 
  9.7595  |  1.4630 
  10.8619  |  1.4270 
  10.8146  |  1.4277 
  10.4315  |  1.4383 
  10.9044  |  1.4599 
  10.8296  |  1.5429 
  10.1814  |  1.3847 
  9.7789  |  2.8388 
  15.6569  |  1.5244 
  10.7312  |  1.4956 
  10.1977  |  1.4766 
  11.0028  |  1.4870 
  10.2238  |  1.4564 
  9.6613  |  1.3847 
  10.7040  |  2.8387 
  13.7427  |  1.4353 
  10.8354  |  1.3859 
  10.7897  |  1.4108 
  10.8855  |  1.3715 
size of 1IET = 3218
  5.4503  |  0.4359 
  4.9608  |  0.4244 
  6.8145  |  0.8165 
  9.0745  |  0.8589 
  9.0819  |  0.7818 
  9.1279  |  0.7750 
  9.0648  |  0.8326 
  5.3039  |  0.4136 
  4.8654  |  0.4053 
  4.8826  |  0.4224 
  4.8893  |  0.4463 
  9.0572  |  0.7657 
  7.9195  |  0.4185 
  5.4005  |  0.4097 
  5.3009  |  0.4243 
  4.9940  |  0.4100 
  5.3137  |  0.3703 
  5.4316  |  0.4007 
  5.3562  |  0.4082 
  5.1575  |  0.4081 
size of 1IET = 3216
  9.0614  |  1.5914 
  4.8542  |  0.8082 
  4.9186  |  0.8464 
  5.2105  |  0.8092 
  5.4365  |  0.8539 
  5.3936  |  0.8370 
  5.4780  |  0.8424 
  5.3275  |  0.8224 
  5.0591  |  0.8003 
  5.3183  |  0.8519 
  9.2928  |  1.6452 
  10.1085  |  1.6109 
  5.0458  |  0.8537 
  4.8773  |  0.8387 
  4.9224  |  0.8339 
  4.9014  |  0.8589 
  4.9507  |  0.8551 
  5.4161  |  0.8833 
  5.3625  |  0.8682 
  5.4102  |  0.8097 
size of 1IMQ = 2824
  3.9347  |  0.8852 
  4.1681  |  0.9032 
  4.1551  |  0.9229 
  4.1769  |  0.9030 
  6.7734  |  1.6836 
  7.0066  |  1.7733 
  7.0227  |  1.7432 
  7.6742  |  1.8185 
  7.8280  |  1.8446 
  4.1681  |  0.9515 
  4.1797  |  0.8775 
  3.9126  |  0.8747 
  4.0583  |  0.8989 
  4.1289  |  0.9178 
  4.1625  |  0.9446 
  7.7541  |  1.7779 
  7.5195  |  1.7436 
  7.0420  |  1.7381 
  5.3944  |  0.8675 
  7.0551  |  1.7370 
size of 1IMQ = 2824
  7.1105  |  0.4145 
  7.0617  |  0.4010 
  7.0643  |  0.3635 
  7.0445  |  0.3923 
  7.0983  |  0.4001 
  7.0410  |  0.3540 
  7.0682  |  0.3587 
  3.7658  |  0.1831 
  3.7702  |  0.1829 
  7.0561  |  0.3785 
  6.7298  |  0.3824 
  7.1938  |  0.4013 
  4.1292  |  0.2119 
  4.1265  |  0.1947 
  4.2004  |  0.1934 
  4.0830  |  0.1853 
  3.9295  |  0.2063 
  3.9840  |  0.2051 
  4.1855  |  0.2042 
  4.1919  |  0.2042 
size of 1IMQ = 2824
  4.2682  |  5.8287 
  3.8263  |  5.5419 
  3.8189  |  5.4745 
  4.0166  |  5.8717 
  4.1536  |  5.7026 
  4.4032  |  5.6960 
  7.8652  |  11.5166 
  7.1399  |  10.9629 
  7.0795  |  11.1783 
  7.6231  |  11.2696 
  4.2624  |  5.6201 
  3.8228  |  5.6709 
  4.2754  |  5.6770 
  4.3603  |  5.7222 
  3.9001  |  5.6165 
  4.2295  |  5.5290 
  4.2649  |  5.5651 
  3.8419  |  5.4483 
  3.8705  |  5.2870 
  3.7987  |  5.5228 
size of 1IMQ = 2808
  7.1139  |  1.4698 
  3.8343  |  0.7199 
  3.7738  |  0.6717 
  3.7992  |  0.6613 
  3.7606  |  0.6691 
  3.8629  |  0.7134 
  3.8410  |  0.6976 
  3.8626  |  0.6706 
  3.7249  |  0.7142 
  3.7713  |  0.6525 
  3.8258  |  0.6139 
  6.1725  |  1.2458 
  7.1699  |  1.2670 
  6.4302  |  0.6790 
  4.1860  |  0.6587 
  4.0303  |  0.5720 
  6.6550  |  0.5906 
  4.1628  |  0.5909 
  4.2075  |  0.5829 
  7.3792  |  1.1472 
size of 1IMQ = 2824
  3.8817  |  0.6678 
  3.8462  |  0.7002 
  3.7963  |  0.6883 
  3.8370  |  0.7154 
  3.9463  |  0.7415 
  4.1866  |  0.7004 
  4.2074  |  0.7357 
  4.1471  |  0.7540 
  4.2832  |  0.7206 
  4.2131  |  0.7615 
  3.9534  |  0.7062 
  4.0741  |  0.7501 
  4.1938  |  0.7276 
  4.2108  |  0.6828 
  7.3600  |  1.3912 
  7.6811  |  1.3794 
  7.1721  |  1.3999 
  7.0839  |  1.3808 
  6.9873  |  1.3221 
  7.1738  |  1.4105 
size of 1IMQ = 2823
  4.1549  |  0.9030 
  4.2100  |  0.8889 
  4.1789  |  0.9086 
  3.9160  |  0.8873 
  4.0344  |  0.9099 
  7.6430  |  1.7286 
  7.8003  |  1.6830 
  3.8429  |  0.8280 
  3.8010  |  0.8579 
  3.8303  |  0.8392 
  3.7713  |  0.8517 
  6.5853  |  1.7190 
  7.6797  |  1.6788 
  4.1816  |  0.8764 
  4.1788  |  0.9042 
  4.2103  |  0.8774 
  3.9372  |  0.8265 
  4.0571  |  0.8965 
  4.2303  |  0.8084 
  4.2353  |  0.8541 
size of 1IMQ = 2817
  4.5585  |  0.3666 
  4.1602  |  0.3612 
  4.1934  |  0.3664 
  4.0303  |  0.3388 
  3.8667  |  0.3212 
  3.8900  |  0.3733 
  7.0254  |  0.7234 
  7.0250  |  0.4122 
  3.9472  |  0.4164 
  3.9730  |  0.3785 
  3.8298  |  0.4020 
  3.8718  |  0.3908 
  3.8713  |  0.3868 
  3.9536  |  0.3902 
  3.9050  |  0.3894 
  3.9006  |  0.4171 
  3.9552  |  0.4365 
  6.9210  |  0.8664 
  7.0529  |  0.8599 
  7.0882  |  0.9658 
size of 1IMQ = 2821
  7.0641  |  1.7974 
  6.9812  |  1.8492 
  7.4170  |  1.9112 
  7.5607  |  1.8917 
  4.1673  |  0.8980 
  6.7390  |  1.8260 
  7.6037  |  1.8162 
  7.7093  |  1.8481 
  7.1013  |  1.7488 
  7.0585  |  1.7852 
  7.4429  |  1.8022 
  7.0159  |  1.7947 
  7.6781  |  1.8133 
  4.6566  |  0.8826 
  3.8319  |  0.8863 
  4.1094  |  0.9004 
  4.1392  |  0.9019 
  4.2235  |  0.9294 
  7.8493  |  1.8587 
  7.3830  |  1.7682 
size of 1IMQ = 2815
  6.9784  |  1.6102 
  7.0226  |  1.6496 
  6.9473  |  1.6561 
  5.7721  |  0.8622 
  4.1880  |  0.8644 
  4.2034  |  0.8749 
  3.9557  |  0.8046 
  3.9013  |  0.8802 
  4.1628  |  0.8434 
  4.3405  |  0.8414 
  4.2125  |  0.9271 
  7.5307  |  1.7384 
  7.0137  |  1.6743 
  7.0694  |  1.6681 
  7.7929  |  1.7478 
  7.7396  |  1.8017 
  4.1949  |  0.8615 
  4.0014  |  0.8189 
  4.0471  |  0.9115 
  4.1414  |  0.8498 
size of 1LVE = 3557
  6.6678  |  0.8997 
  6.6795  |  0.9007 
  6.4047  |  0.8125 
  6.0418  |  0.8172 
  6.1211  |  0.8595 
  6.1566  |  0.8973 
  6.2694  |  0.8545 
  6.1388  |  0.8830 
  6.1375  |  0.9373 
  11.3054  |  1.7532 
  11.3309  |  1.7604 
  11.2773  |  1.7569 
  6.1047  |  0.8652 
  5.9643  |  0.8803 
  6.4776  |  0.8746 
  6.6895  |  0.8719 
  11.9391  |  1.7526 
  12.6810  |  1.7647 
  7.4227  |  0.8400 
  6.1023  |  0.8453 
size of 1LVE = 3557
  6.0033  |  0.8444 
  6.0806  |  0.8270 
  11.3609  |  1.7266 
  12.5717  |  1.7211 
  11.9177  |  1.8672 
  7.9304  |  0.8952 
  6.7917  |  0.8705 
  6.6663  |  0.9078 
  6.3392  |  0.8614 
  6.1243  |  0.8761 
  6.0797  |  0.8756 
  5.9776  |  0.8695 
  11.7570  |  1.7763 
  8.6727  |  0.8915 
  6.6007  |  0.8183 
  6.4178  |  0.7916 
  12.4869  |  1.6261 
  11.9185  |  1.6543 
  6.1305  |  0.9074 
  6.1688  |  0.9137 
size of 1MSI = 2144
  2.1959  |  0.1949 
  2.1049  |  0.2094 
  2.0824  |  0.2221 
  2.2310  |  0.2055 
  2.3558  |  0.2184 
  2.2951  |  0.2137 
  2.2933  |  0.1888 
  2.2931  |  0.1977 
  2.3221  |  0.2082 
  2.2467  |  0.2003 
  2.2555  |  0.1978 
  2.3045  |  0.2188 
  2.3324  |  0.2032 
  2.3044  |  0.2011 
  4.0933  |  0.3973 
  2.1437  |  0.1980 
  3.9383  |  0.4103 
  4.1775  |  0.4153 
  4.2032  |  0.3788 
  4.2555  |  0.3812 
size of 1MSI = 2142
  4.1747  |  0.3620 
  4.2250  |  0.3820 
  4.2603  |  0.3597 
  3.8504  |  0.3666 
  3.8301  |  0.3533 
  2.3102  |  0.1933 
  2.1543  |  0.1952 
  2.1496  |  0.1820 
  2.1581  |  0.1849 
  2.1367  |  0.1940 
  2.1576  |  0.1772 
  3.7063  |  0.3685 
  3.8491  |  0.3655 
  3.8179  |  0.3514 
  3.8572  |  0.3881 
  3.8172  |  0.3674 
  3.8244  |  0.3760 
  3.8495  |  0.3579 
  2.1304  |  0.1893 
  2.1364  |  0.1840 
size of 1MSI = 2142
  2.2127  |  0.3809 
  3.6536  |  0.7431 
  2.1914  |  0.3659 
  2.1626  |  0.3843 
  2.1732  |  0.3732 
  3.8881  |  0.7518 
  3.9412  |  0.3664 
  2.0786  |  0.3641 
  3.8457  |  0.7480 
  3.8600  |  0.7560 
  3.8714  |  0.7314 
  3.8777  |  0.7570 
  2.6053  |  0.5949 
  2.3211  |  0.4139 
  4.3073  |  0.8251 
  4.3071  |  0.8269 
  4.2324  |  0.7680 
  3.9549  |  0.7878 
  4.1919  |  0.8423 
  4.2551  |  0.7892 
size of 1MSI = 2168
  4.3139  |  0.3710 
  2.3641  |  0.2227 
  2.3559  |  0.2353 
  2.3347  |  0.2001 
  2.2426  |  0.1953 
  2.1773  |  0.1789 
  2.1532  |  0.1723 
  2.1186  |  0.1678 
  2.1490  |  0.1765 
  2.1485  |  0.1732 
  2.1467  |  0.1707 
  3.9149  |  0.3395 
  3.9142  |  0.3539 
  4.0274  |  0.4049 
  4.3245  |  0.3518 
  4.3351  |  0.3581 
  2.3909  |  0.1734 
  2.3962  |  0.1785 
  2.3402  |  0.1862 
  2.3408  |  0.2090 
size of 1MSI = 2140
  2.3219  |  0.1955 
  2.2911  |  0.1950 
  2.3362  |  0.2225 
  3.9411  |  0.3978 
  3.9643  |  0.3816 
  4.0492  |  0.1896 
  2.3052  |  0.2175 
  2.3115  |  0.2055 
  2.3227  |  0.1988 
  2.2995  |  0.2110 
  2.2925  |  0.2177 
  2.2893  |  0.2163 
  2.2904  |  0.2113 
  2.3346  |  0.2024 
  3.9743  |  0.3913 
  3.9248  |  0.3672 
  3.8632  |  0.3953 
  3.8425  |  0.3958 
  3.8303  |  0.4110 
  2.0884  |  0.2158 
size of 1MSI = 2142
  2.1253  |  2.9600 
  2.0995  |  2.9960 
  2.0960  |  3.1035 
  2.1852  |  3.1722 
  2.3525  |  3.2508 
  2.2960  |  3.2505 
  2.3010  |  3.1109 
  3.3871  |  6.3561 
  3.4455  |  3.1778 
  4.2247  |  6.3770 
  3.9729  |  6.1483 
  3.8702  |  6.3023 
  2.1066  |  3.2104 
  2.2743  |  3.2689 
  2.3294  |  3.2439 
  2.3138  |  3.2983 
  2.2942  |  3.2801 
  2.2948  |  3.2528 
  3.9864  |  6.3692 
  4.2587  |  6.3742 
size of 1MSI = 2149
  2.3817  |  0.2489 
  2.3465  |  0.2388 
  2.2870  |  0.2376 
  3.5177  |  0.4677 
  4.3439  |  0.4558 
  3.9274  |  0.4515 
  3.8904  |  0.4421 
  3.8916  |  0.4550 
  3.9124  |  0.4673 
  3.9211  |  0.4727 
  3.8875  |  0.4900 
  3.9032  |  0.4660 
  3.9173  |  0.4781 
  3.3566  |  0.4882 
  3.2970  |  0.4842 
  3.9295  |  0.4806 
  3.9012  |  0.4637 
  2.1790  |  0.2378 
  3.9084  |  0.4793 
  3.8904  |  0.4661 
size of 1ONC = 3042
  8.8387  |  0.8028 
  6.9138  |  0.3821 
  4.6583  |  0.3937 
  4.6200  |  0.3818 
  4.5315  |  0.3621 
  8.0445  |  0.7459 
  6.5094  |  0.3991 
  5.0496  |  0.4188 
  8.4377  |  0.4009 
  4.7513  |  0.3821 
  4.9208  |  0.3830 
  5.1005  |  0.3958 
  5.1584  |  0.3948 
  5.0611  |  0.3928 
  4.7845  |  0.3892 
  4.7503  |  0.3632 
  4.5939  |  0.3636 
  4.5725  |  0.3784 
  4.6304  |  0.3622 
  4.9662  |  0.3836 
size of 1ONC = 3197
  5.6101  |  0.7914 
  9.8971  |  1.5803 
  5.6376  |  0.8285 
  5.3549  |  0.8081 
  5.3779  |  0.8161 
  5.5903  |  0.8668 
  5.5802  |  1.1626 
  5.4852  |  0.8659 
  5.6064  |  0.8472 
  5.1775  |  0.8256 
  4.9443  |  0.7847 
  8.6568  |  1.6489 
  5.0628  |  0.8118 
  5.0242  |  0.8691 
  5.5875  |  0.8794 
  5.5620  |  0.8740 
  7.9794  |  0.8134 
  5.3568  |  0.8424 
  5.5762  |  0.8504 
  10.3418  |  1.6494 
size of 1ONC = 3199
  9.6177  |  3.9103 
  9.5935  |  4.2936 
  10.4994  |  4.1171 
  10.3147  |  4.0532 
  10.3511  |  4.0989 
  10.4987  |  4.0132 
  9.4436  |  4.0308 
  5.2652  |  2.0360 
  5.2950  |  2.0830 
  5.1935  |  2.0460 
  5.3193  |  1.9896 
  5.1790  |  2.0204 
  5.1857  |  1.9839 
  5.2291  |  2.0624 
  5.1790  |  2.0491 
  5.1400  |  2.0128 
  5.1913  |  2.0333 
  5.0647  |  1.9362 
  9.4828  |  3.9964 
  9.7217  |  4.1776 
size of 1ONC = 3193
  5.5166  |  4.5938 
  5.3331  |  4.3028 
  5.5996  |  4.4818 
  5.5110  |  4.3428 
  5.2339  |  4.3406 
  9.4648  |  8.7524 
  10.3372  |  8.9093 
  10.2426  |  8.8380 
  10.5968  |  8.5224 
  9.8370  |  8.3220 
  5.0305  |  4.1895 
  5.1334  |  4.4079 
  5.6384  |  4.0071 
  5.5996  |  4.2145 
  5.1867  |  4.1616 
  10.3754  |  8.5046 
  9.5724  |  7.8948 
  5.2075  |  4.1710 
  5.6536  |  4.2478 
  5.6700  |  4.3152 
size of 1P2P = 3515
  6.7502  |  9.0152 
  6.9935  |  9.2121 
  6.6458  |  8.6879 
  6.4515  |  8.6661 
  6.4356  |  8.4912 
  11.9426  |  17.3479 
  12.0488  |  17.3221 
  12.1751  |  17.5712 
  6.5626  |  8.6828 
  7.1221  |  8.2927 
  6.4062  |  8.5427 
  6.9871  |  8.9749 
  7.1252  |  8.7919 
  6.7344  |  8.9405 
  6.9900  |  8.7511 
  6.5302  |  8.5230 
  6.3512  |  8.4767 
  6.4743  |  9.0096 
  11.3987  |  8.9369 
  7.1639  |  8.8062 
size of 1P2P = 3714
  7.1000  |  1.4102 
  6.8454  |  1.4039 
  6.8694  |  1.5390 
  7.8613  |  1.5263 
  7.7262  |  1.5764 
  7.7005  |  1.4682 
  7.0858  |  1.5058 
  7.7070  |  1.5118 
  7.7217  |  1.5380 
  7.6930  |  1.5229 
  7.1265  |  1.5200 
  6.9371  |  1.4638 
  7.1121  |  1.4845 
  12.8083  |  3.0418 
  10.5347  |  1.4991 
  7.0159  |  1.4408 
  7.0348  |  1.4447 
  6.9700  |  1.4176 
  12.2349  |  2.8104 
  12.7645  |  2.8596 
size of 1P2P = 3746
  7.4019  |  2.3649 
  14.4649  |  4.4829 
  14.0553  |  4.5432 
  14.0219  |  4.4471 
  12.9903  |  4.4655 
  13.8480  |  4.7049 
  7.8188  |  2.2486 
  13.9970  |  4.6061 
  7.8711  |  2.3090 
  7.7211  |  2.3474 
  7.7078  |  2.5021 
  7.3129  |  2.2315 
  12.0409  |  2.2747 
  6.9296  |  2.2736 
  10.0628  |  2.3392 
  7.8074  |  2.3431 
  7.4768  |  2.2305 
  7.5711  |  2.2868 
  7.8132  |  2.3124 
  7.5827  |  2.2573 
size of 1P2P = 3709
  6.9999  |  1.4285 
  6.8055  |  1.4856 
  13.8016  |  3.0523 
  14.2322  |  3.0344 
  13.7629  |  2.8871 
  14.5578  |  2.9585 
  7.6026  |  1.4762 
  7.0026  |  1.4651 
  7.0690  |  1.5167 
  7.0333  |  1.5259 
  12.0167  |  2.9305 
  12.7670  |  2.9818 
  7.0709  |  1.5338 
  7.0294  |  1.5186 
  7.1151  |  1.5370 
  7.1121  |  1.4540 
  6.8690  |  1.4944 
  6.9165  |  1.5881 
  7.6758  |  1.5096 
  7.7583  |  1.5364 
size of 1PDO = 3637
  6.7629  |  1.8423 
  13.3327  |  3.4427 
  7.0776  |  1.8607 
  6.6526  |  1.7402 
  6.5285  |  1.7328 
  6.5479  |  1.8557 
  7.2223  |  1.8452 
  7.2052  |  1.7961 
  7.2358  |  1.9676 
  6.8164  |  1.7164 
  7.2863  |  1.8288 
  7.2465  |  1.8739 
  7.2324  |  1.6806 
  12.0785  |  3.5704 
  12.0940  |  3.5165 
  12.0332  |  3.3928 
  7.2665  |  1.7334 
  7.1320  |  1.7768 
  6.8678  |  1.6927 
  7.1088  |  1.8059 
size of 1PDO = 3635
  12.4333  |  5.9882 
  12.3327  |  5.6647 
  12.1404  |  5.6615 
  7.2534  |  2.9495 
  7.2398  |  2.9657 
  7.1111  |  2.9870 
  13.2072  |  6.0309 
  13.5028  |  5.8645 
  6.6580  |  2.8911 
  6.6250  |  2.9158 
  6.7312  |  2.9158 
  12.1732  |  5.7611 
  6.6680  |  2.9145 
  6.6897  |  2.9762 
  6.6770  |  2.9511 
  12.1940  |  5.8911 
  12.0601  |  5.7514 
  7.1694  |  2.8915 
  7.2522  |  2.9189 
  6.9793  |  2.9807 
size of 1PDO = 3637
  7.1650  |  2.4298 
  7.4465  |  2.5480 
  7.0822  |  2.5189 
  6.6106  |  2.4791 
  11.7261  |  4.8602 
  8.7024  |  2.5543 
  7.2170  |  2.5229 
  7.4073  |  2.5238 
  12.9944  |  5.1815 
  13.2020  |  5.0177 
  7.0613  |  2.4874 
  6.5469  |  2.5070 
  6.5710  |  2.3893 
  6.4966  |  2.3577 
  7.0399  |  2.4744 
  7.3745  |  2.3881 
  6.8814  |  2.3250 
  7.1275  |  2.5339 
  10.8346  |  2.3969 
  6.7315  |  2.4053 
size of 1PDO = 3637
  6.5554  |  8.3985 
  7.2990  |  9.0484 
  7.3196  |  8.8551 
  6.6291  |  9.0101 
  7.3173  |  9.0623 
  7.0188  |  8.8818 
  6.7395  |  8.6422 
  11.8842  |  16.9598 
  11.8918  |  12.7382 
  12.2636  |  14.7619 
  6.5625  |  8.7266 
  7.2813  |  8.7325 
  6.9060  |  8.7408 
  7.3387  |  8.8141 
  6.7201  |  8.2098 
  6.5169  |  8.3272 
  7.3422  |  8.6878 
  7.2740  |  8.6748 
  6.9386  |  8.6315 
  7.2828  |  8.9641 
size of 1QND = 3242
  5.7791  |  1.0989 
  5.5484  |  1.0591 
  5.3823  |  1.0880 
  5.4091  |  1.1001 
  5.6928  |  1.1446 
  6.0469  |  1.1773 
  6.0256  |  1.0694 
  9.9248  |  2.2055 
  10.7568  |  2.3437 
  11.1954  |  2.3040 
  10.7335  |  2.0302 
  8.1454  |  1.0748 
  5.4691  |  1.1036 
  5.4085  |  1.0634 
  5.9105  |  1.1661 
  6.0037  |  1.1050 
  5.9726  |  1.1384 
  5.9491  |  1.0944 
  10.4862  |  2.2318 
  11.1590  |  2.3279 
size of 1QND = 3263
  11.5809  |  29.1007 
  5.7029  |  22.1704 
  10.3503  |  31.0918 
  5.4887  |  19.1740 
  5.8253  |  19.4582 
  5.8493  |  19.2848 
  10.6904  |  21.0457 
  5.5059  |  21.0275 
  6.1381  |  20.3587 
  6.0848  |  20.9195 
  5.6710  |  20.0090 
  5.4579  |  19.8333 
  6.1682  |  21.0622 
  6.3516  |  20.2121 
  5.4770  |  20.8206 
  6.0516  |  21.5547 
  5.7543  |  20.6068 
  6.0960  |  20.1763 
  5.6572  |  20.1425 
  10.3108  |  38.1466 
size of 1SSO = 2499
  5.2202  |  1.3924 
  5.1405  |  1.3748 
  5.1103  |  1.3824 
  5.1623  |  1.4313 
  5.1160  |  1.3840 
  3.0629  |  0.7522 
  3.0832  |  0.7503 
  3.0507  |  0.7125 
  5.4714  |  1.4445 
  5.5076  |  1.3923 
  5.2537  |  1.4135 
  5.6023  |  1.5205 
  5.6895  |  1.4903 
  5.5738  |  1.4630 
  5.3549  |  1.4379 
  5.1529  |  1.4260 
  5.1199  |  1.4282 
  5.1350  |  1.4029 
  5.5499  |  1.4143 
  2.9667  |  0.7224 
size of 1SSO = 2499
  3.0146  |  0.6849 
  3.0503  |  0.6259 
  3.1389  |  0.6607 
  3.0000  |  0.6491 
  3.1054  |  0.6797 
  4.8804  |  1.3368 
  5.3691  |  1.3352 
  5.4850  |  1.2768 
  5.6654  |  1.2386 
  5.6742  |  1.3841 
  5.7229  |  1.3282 
  4.6002  |  0.6526 
  2.8511  |  0.6354 
  2.8324  |  0.5826 
  5.1526  |  1.3240 
  5.1680  |  1.2883 
  5.1111  |  1.2949 
  5.1103  |  1.3168 
  5.6749  |  1.3402 
  5.6395  |  1.3133 
