2411 3.5370 0.1927
2489 2.8409 0.4752
2479 2.7640 0.4119
2495 2.8401 0.2297
2496 2.8864 3.3185
2503 2.8655 0.2807
5593 12.6924 0.7407
5591 12.8155 0.6409
5591 13.3267 60.5249
5593 13.3541 0.8754
3935 7.9894 7.0638
3937 8.0655 0.9795
3937 7.8637 0.6746
4009 8.0820 3.1858
3930 7.9085 2.4854
3086 4.9208 0.5669
3075 4.9095 1.1082
3085 4.9298 16.4522
3088 5.2115 1.7362
3083 5.2084 1.3569
3088 4.9367 2.2286
3086 5.0842 1.1901
3084 4.9302 4.0458
3091 5.0420 1.9807
3089 5.0539 0.8289
3046 4.8240 1.4373
3957 9.5039 2.2183
3964 9.7434 2.6175
3960 9.6426 7.2578
3961 9.7080 1.3029
3941 9.9586 1.0455
3959 9.8207 1.8499
3944 9.6426 1.8516
3989 8.3451 4.5066
3988 8.3152 3.8631
4855 15.4244 2.8964
4820 15.3943 3.0663
6478 20.7363 5.2457
6484 20.3871 3.4197
5052 15.8604 2.4701
5046 15.8009 7.6984
5054 16.0875 10.8478
3925 8.2971 0.7028
3939 11.3803 2.2298
3927 7.3549 1.8394
3940 7.1223 1.0226
3947 7.3100 0.3819
3932 7.2735 1.2586
3916 7.2842 1.1913
3939 7.5519 0.5920
3822 7.5599 20.5522
3932 8.1801 1.1290
4098 19.7028 2.7451
4117 10.2007 28.1651
4112 10.0511 1.1169
4108 10.4608 1.1263
4114 9.9975 1.1764
4123 10.0687 1.3302
4115 9.8465 1.2929
4101 17.8643 1.0496
4110 9.7589 1.3490
4108 9.6602 1.2845
4114 9.7375 1.3969
3218 5.4503 0.4359
3216 9.0614 1.5914
2824 3.9347 0.8852
2824 7.1105 0.4145
2824 4.2682 5.8287
2808 7.1139 1.4698
2824 3.8817 0.6678
2823 4.1549 0.9030
2817 4.5585 0.3666
2821 7.0641 1.7974
2815 6.9784 1.6102
3557 6.6678 0.8997
3557 6.0033 0.8444
2144 2.1959 0.1949
2142 4.1747 0.3620
2142 2.2127 0.3809
2168 4.3139 0.3710
2140 2.3219 0.1955
2142 2.1253 2.9600
2149 2.3817 0.2489
3042 8.8387 0.8028
3197 5.6101 0.7914
3199 9.6177 3.9103
3193 5.5166 4.5938
3515 6.7502 9.0152
3714 7.1000 1.4102
3746 7.4019 2.3649
3709 6.9999 1.4285
3637 6.7629 1.8423
3635 12.4333 5.9882
3637 7.1650 2.4298
3637 6.5554 8.3985
3242 5.7791 1.0989
3263 11.5809 29.1007
2499 5.2202 1.3924
2499 3.0146 0.6849
