1
0
3
36
5
6
42
56
27
170
33
108
39
42
60
64
85
72
57
140
0
110
138
192
425
156
81
252
116
90
279
288
66
272
245
72
37
152
39
160
492
42
172
88
225
138
94
48
294
250
408
208
901
162
55
224
57
290
354
120
0
186
126
640
1235
1650
2680
2108
3726
9450
10437
15480
21316
29452
30450
33440
42889
38532
49533
62640
70713
72324
79929
88956
97580
84538
86826
102080
97099
109080
109473
115276
101370
99828
104215
92352
96806
91140
77418
71100
59994
55080
49131
49920
42735
43036
35203
28836
27904
22550
17538
12768
5876
4674
3910
4872
2925
1180
357
600
