Struct(WT-C-Num-new-Nd) global centrality        local centrality        closeness        frame       E_LJ        E_C            ET  
1A43
GA156A-18		2.6253591917874586e-07	0.1985605471402294	0.49695307739183425	0.0	-68336.71875	-182.680389	-68220.5625
WA184A-85		2.9634865799909344e-07	0.19472864300450507	0.48878787878787877	0.0	-66427.882812	-161.801346	-66279.210938
WT159-18		2.544853891727631e-07	0.1772818191388567	0.4879735417919423	0.0	-68540.132812	-178.924606	-68385.65625
WT159-85		2.544853891727631e-07	0.2371828613538267	0.5160572337042926	0.0	-68540.132812	-178.924606	-68385.65625
WT159-86		2.544853891727631e-07	0.22420115243583028	0.5131204552639899	0.0	-68540.132812	-178.924606	-68385.65625
WT159-87		2.544853891727631e-07	0.209110179698415	0.5090966122961104	0.0	-68540.132812	-178.924606	-68385.65625
WT159-88		2.544853891727631e-07	0.24739341983317886	0.5200256328099968	0.0	-68540.132812	-178.924606	-68385.65625
WT159-89		2.544853891727631e-07	0.23511575355100536	0.5165499681731381	0.0	-68540.132812	-178.924606	-68385.65625
WT159-152		2.544853891727631e-07	0.20191386384295998	0.4963302752293578	0.0	-68540.132812	-178.924606	-68385.65625
WT159-153		2.544853891727631e-07	0.22352258558325	0.5015451174289246	0.0	-68540.132812	-178.924606	-68385.65625
WT159-45		2.544853891727631e-07	0.21988967577202873	0.5062383031815346	0.0	-68540.132812	-178.924606	-68385.65625
WT159-46		2.544853891727631e-07	0.2004500395304993	0.5021658415841584	0.0	-68540.132812	-178.924606	-68385.65625
WT159-47		2.544853891727631e-07	0.20164281928987812	0.49693815064298835	0.0	-68540.132812	-178.924606	-68385.65625
WT159-24		2.544853891727631e-07	0.24817518248175183	0.5115033091711314	0.0	-68540.132812	-178.924606	-68385.65625
WT159-25		2.544853891727631e-07	0.24689366183769734	0.5127962085308057	0.0	-68540.132812	-178.924606	-68385.65625
CA218S-152		2.6694585555633224e-07	0.20929095354523228	0.48958935801041065	0.0	-68471.9375	-173.909363	-68322.921875
RA167A-45		2.7954321981860774e-07	0.24576876959970484	0.5197328476017	0.0	-68517.570312	-162.469955	-68356.25
EA159D-24		2.6294696470181826e-07	0.1908077478611903	0.47758620689655173	0.0	-67668.046875	-192.047852	-67568.421875
