Struct(WT-C-Num-new-Nd) global centrality        local centrality        closeness             frame       E_LJ        E_C            ET  
1A43
WA184A-85		2.9634865799909344e-07	0.19472864300450507	0.48878787878787877	0.0	-66427.882812	-161.801346	-66279.210938
CA218S-152		2.6694585555633224e-07	0.20929095354523228	0.48958935801041065	0.0	-68471.9375	-173.909363	-68322.921875
EA159D-24		2.6294696470181826e-07	0.1908077478611903	0.47758620689655173	0.0	-67668.046875	-192.047852	-67568.421875
GA156A-18		2.6253591917874586e-07	0.1985605471402294	0.49695307739183425	0.0	-68336.71875	-182.680389	-68220.5625
WT167-85		2.544853891727631e-07	0.2371828613538267	0.5160572337042926	0.0	-68540.132812	-178.924606	-68385.65625
WT167-86		2.544853891727631e-07	0.22420115243583028	0.5131204552639899	0.0	-68540.132812	-178.924606	-68385.65625
WT167-87		2.544853891727631e-07	0.209110179698415	0.5090966122961104	0.0	-68540.132812	-178.924606	-68385.65625
WT167-88		2.544853891727631e-07	0.24739341983317886	0.5200256328099968	0.0	-68540.132812	-178.924606	-68385.65625
WT167-89		2.544853891727631e-07	0.23511575355100536	0.5165499681731381	0.0	-68540.132812	-178.924606	-68385.65625
WT167-152		2.544853891727631e-07	0.20191386384295998	0.4963302752293578	0.0	-68540.132812	-178.924606	-68385.65625
WT167-153		2.544853891727631e-07	0.22352258558325	0.5015451174289246	0.0	-68540.132812	-178.924606	-68385.65625
WT167-24		2.544853891727631e-07	0.24817518248175183	0.5115033091711314	0.0	-68540.132812	-178.924606	-68385.65625
WT167-25		2.544853891727631e-07	0.24689366183769734	0.5127962085308057	0.0	-68540.132812	-178.924606	-68385.65625
WT167-18		2.544853891727631e-07	0.1772818191388567	0.4879735417919423	0.0	-68540.132812	-178.924606	-68385.65625
WT167-45		2.544853891727631e-07	0.21988967577202873	0.5062383031815346	0.0	-68540.132812	-178.924606	-68385.65625
WT167-46		2.544853891727631e-07	0.2004500395304993	0.5021658415841584	0.0	-68540.132812	-178.924606	-68385.65625
WT167-47		2.544853891727631e-07	0.20164281928987812	0.49693815064298835	0.0	-68540.132812	-178.924606	-68385.65625
RA167A-45		2.7954321981860774e-07	0.24576876959970484	0.5197328476017	0.0	-68517.570312	-162.469955	-68356.25
1A5E
WA15D-25		9.805196852018664e-08	0.22986646570659217	0.393370607028754	0.0	-153808.703125	-366.587677	-153490.78125
LA37S-66		9.830814924897853e-08	0.19400936696226342	0.366894402493108	0.0	-153184.859375	-379.643372	-152986.171875
WT121-25		9.989152862653566e-08	0.2396259655779916	0.3793854343092185	0.0	-153130.015625	-342.853882	-152772.78125
WT121-26		9.989152862653566e-08	0.2367845214787516	0.3818336783148667	0.0	-153130.015625	-342.853882	-152772.78125
WT121-27		9.989152862653566e-08	0.22756386385640873	0.37628989680825536	0.0	-153130.015625	-342.853882	-152772.78125
WT121-28		9.989152862653566e-08	0.22786733299570963	0.3755238893545683	0.0	-153130.015625	-342.853882	-152772.78125
WT121-29		9.989152862653566e-08	0.21969563773466955	0.375344105326152	0.0	-153130.015625	-342.853882	-152772.78125
WT121-66		9.989152862653566e-08	0.18722953195048186	0.3565256934970441	0.0	-153130.015625	-342.853882	-152772.78125
WT121-67		9.989152862653566e-08	0.16496195898624477	0.34435049961568026	0.0	-153130.015625	-342.853882	-152772.78125
WT121-238		9.989152862653566e-08	0.24907101763651796	0.3934261698657634	0.0	-153130.015625	-342.853882	-152772.78125
WT121-239		9.989152862653566e-08	0.22318519297105674	0.3822525597269625	0.0	-153130.015625	-342.853882	-152772.78125
LA121R-238		9.63080774681872e-08	0.18675535846267555	0.3683760683760684	0.0	-153293.625	-377.549713	-152998.5625
1AEP
WT137-274		5.6408640853710515e-08	0.31410407743415064	0.4952883528081417	0.0	-109229.476562	-239.054367	-108762.21875
WT137-275		5.6408640853710515e-08	0.32938397887225646	0.5022935779816514	0.0	-109229.476562	-239.054367	-108762.21875
WT137-47		5.6408640853710515e-08	0.2706625967378904	0.4850498338870432	0.0	-109229.476562	-239.054367	-108762.21875
WT137-48		5.6408640853710515e-08	0.28473620620217477	0.4854082009604728	0.0	-109229.476562	-239.054367	-108762.21875
WT137-15		5.6408640853710515e-08	0.300662479566377	0.48603661919733676	0.0	-109229.476562	-239.054367	-108762.21875
WT137-16		5.6408640853710515e-08	0.33327768503060656	0.4986717267552182	0.0	-109229.476562	-239.054367	-108762.21875
WT137-267		5.6408640853710515e-08	0.26618740278985464	0.4506172839506173	0.0	-109229.476562	-239.054367	-108762.21875
TA141A-274		5.986132793512401e-08	0.2826405085288334	0.47692048517520214	0.0	-108771.421875	-235.570648	-108350.4375
TA28A-47		5.768588736895628e-08	0.20399011851527565	0.4575487846627867	0.0	-109100.679688	-221.240005	-108667.546875
LA14K-15		5.828378828291955e-08	0.2820120284308365	0.4752575578449586	0.0	-111550.9375	-215.74437	-111067.09375
AA137K-267		5.964867016965588e-08	0.28090105282348116	0.4543147208121827	0.0	-108883.078125	-224.172607	-108450.6875
1AG2
TA183A-145		9.172828281030502e-08	0.26251396432836394	0.49610326351680467	0.0	-84909.625	-193.597244	-84652.382812
FA198S-178		8.75019968362664e-08	0.24248422802311964	0.5127253446447508	0.0	-85019.351562	-202.266449	-84668.515625
WT180-145		8.848507404574958e-08	0.302961443142792	0.521003963011889	0.0	-85052.710938	-209.955017	-84812.859375
WT180-146		8.848507404574958e-08	0.3231737535930221	0.5316796980318145	0.0	-85052.710938	-209.955017	-84812.859375
WT180-178		8.848507404574958e-08	0.3255817400326071	0.5203166226912929	0.0	-85052.710938	-209.955017	-84812.859375
WT180-179		8.848507404574958e-08	0.3334804127047161	0.5316796980318145	0.0	-85052.710938	-209.955017	-84812.859375
WT180-180		8.848507404574958e-08	0.3326936346386062	0.5336941813261163	0.0	-85052.710938	-209.955017	-84812.859375
WT180-181		8.848507404574958e-08	0.3052635405307161	0.5239107332624867	0.0	-85052.710938	-209.955017	-84812.859375
WT180-220		8.848507404574958e-08	0.2416831593729213	0.5002536783358701	0.0	-85052.710938	-209.955017	-84812.859375
WT180-221		8.848507404574958e-08	0.18144329896907216	0.48203373258372034	0.0	-85052.710938	-209.955017	-84812.859375
WT180-206		8.848507404574958e-08	0.342892535945466	0.5296803652968036	0.0	-85052.710938	-209.955017	-84812.859375
WT180-207		8.848507404574958e-08	0.362397247872533	0.5334054638896403	0.0	-85052.710938	-209.955017	-84812.859375
WT180-201		8.848507404574958e-08	0.2682231933747012	0.5046059365404298	0.0	-85052.710938	-209.955017	-84812.859375
WT180-202		8.848507404574958e-08	0.2539288081037584	0.49547738693467336	0.0	-85052.710938	-209.955017	-84812.859375
WT180-203		8.848507404574958e-08	0.27714499755381605	0.5020366598778004	0.0	-85052.710938	-209.955017	-84812.859375
WT180-10		8.848507404574958e-08	0.269883634034376	0.5046059365404298	0.0	-85052.710938	-209.955017	-84812.859375
WT180-11		8.848507404574958e-08	0.2749192328139697	0.5056410256410256	0.0	-85052.710938	-209.955017	-84812.859375
WT180-125		8.848507404574958e-08	0.3283375539465706	0.5285446261056017	0.0	-85052.710938	-209.955017	-84812.859375
WT180-126		8.848507404574958e-08	0.3558051617593602	0.5377692937005727	0.0	-85052.710938	-209.955017	-84812.859375
WT180-127		8.848507404574958e-08	0.3645169313861351	0.544	0.0	-85052.710938	-209.955017	-84812.859375
WT180-128		8.848507404574958e-08	0.3689439470133693	0.5395348837209303	0.0	-85052.710938	-209.955017	-84812.859375
WT180-184		8.848507404574958e-08	0.33832367731834545	0.533838657282079	0.0	-85052.710938	-209.955017	-84812.859375
WT180-185		8.848507404574958e-08	0.33186778851518733	0.5306781485468245	0.0	-85052.710938	-209.955017	-84812.859375
WT180-162		8.848507404574958e-08	0.1697633959638135	0.4599953347329135	0.0	-85052.710938	-209.955017	-84812.859375
WT180-163		8.848507404574958e-08	0.14186314127438648	0.44524723413863176	0.0	-85052.710938	-209.955017	-84812.859375
WT180-139		8.848507404574958e-08	0.28279164023946907	0.5069408740359898	0.0	-85052.710938	-209.955017	-84812.859375
WT180-140		8.848507404574958e-08	0.31307633484773517	0.515286124902012	0.0	-85052.710938	-209.955017	-84812.859375
QA217R-220		9.083863481722334e-08	0.30027831700072505	0.5007444168734492	0.0	-85386.6875	-180.259262	-85102.0625
VA210I-206		8.197074050300952e-08	0.30769639186595976	0.5327990501632532	0.0	-84883.171875	-214.586304	-84604.351562
RA208H-201		8.645145738781723e-08	0.2917326905766212	0.510904255319149	0.0	-84961.054688	-197.207611	-84716.351562
MA129V-10		8.773863802932031e-08	0.27151889359247217	0.5065772504513799	0.0	-84826.757812	-197.128601	-84538.382812
FA175W-125		8.988655907979379e-08	0.30921846601235914	0.5209799322387282	0.0	-85047.34375	-211.954849	-84780.117188
EA200K-184		8.726052843395312e-08	0.3031596043112358	0.5255493778130792	0.0	-85175.632812	-193.722763	-84930.476562
TA190V-162		9.001794191394015e-08	0.22149111957651016	0.47235349716446123	0.0	-84969.070312	-199.346283	-84688.476562
VA180I-139		9.831495385071588e-08	0.3128275967921415	0.4926634059582036	0.0	-84116.875	-198.404404	-83851.210938
1AKY
TA77H-147		4.130739644812649e-08	0.31255878624299677	0.4196233026719229	0.0	-109865.96875	-490.670685	-109407.09375
IA213F-440		4.0623458852650456e-08	0.2162784117702537	0.4106036594150699	0.0	-110087.375	-482.427124	-109610.65625
WT110-147		4.305633442004607e-08	0.2627976353886418	0.4023252670001352	0.0	-109714.164062	-490.954773	-109300.453125
WT110-148		4.305633442004607e-08	0.24598628105302187	0.39365079365079364	0.0	-109714.164062	-490.954773	-109300.453125
WT110-440		4.305633442004607e-08	0.21637372458479184	0.40963523743977975	0.0	-109714.164062	-490.954773	-109300.453125
WT110-441		4.305633442004607e-08	0.24446197331229869	0.41465793507036364	0.0	-109714.164062	-490.954773	-109300.453125
WT110-344		4.305633442004607e-08	0.26413808193355104	0.40161943319838056	0.0	-109714.164062	-490.954773	-109300.453125
WT110-345		4.305633442004607e-08	0.25297250944111876	0.3987138263665595	0.0	-109714.164062	-490.954773	-109300.453125
WT110-90		4.305633442004607e-08	0.31221416146960246	0.41546837917073853	0.0	-109714.164062	-490.954773	-109300.453125
WT110-91		4.305633442004607e-08	0.2660965575073593	0.40102412073844496	0.0	-109714.164062	-490.954773	-109300.453125
WT110-12		4.305633442004607e-08	0.37482183443121847	0.4477207762900557	0.0	-109714.164062	-490.954773	-109300.453125
WT110-13		4.305633442004607e-08	0.36574191320363764	0.4414775255896751	0.0	-109714.164062	-490.954773	-109300.453125
WT110-216		4.305633442004607e-08	0.25953366951197754	0.3996776792908944	0.0	-109714.164062	-490.954773	-109300.453125
WT110-217		4.305633442004607e-08	0.26689762380635135	0.40661292526301407	0.0	-109714.164062	-490.954773	-109300.453125
NA169D-344		4.024530838998213e-08	0.2839942883105082	0.4233488791936212	0.0	-109940.484375	-533.220215	-109570.445312
QA48E-90		4.1739892402425665e-08	0.2719120650732791	0.410385500575374	0.0	-109253.578125	-509.973358	-108855.242188
VA8I-12		4.207468601147408e-08	0.37240754032715045	0.443972706595906	0.0	-109590.429688	-513.158264	-109118.820312
TA110H-216		4.220501679217204e-08	0.2511857862876809	0.403194975423266	0.0	-109269.898438	-498.84549	-108849.8125
1B8E
WT19-36		6.166173042868749e-08	0.32585230555876576	0.48105073190294767	0.0	-109872.359375	-375.342316	-109608.578125
WT19-37		6.166173042868749e-08	0.35182731203794115	0.49291144442161494	0.0	-109872.359375	-375.342316	-109608.578125
WT19-38		6.166173042868749e-08	0.37824938332871133	0.4964817880794702	0.0	-109872.359375	-375.342316	-109608.578125
WT19-39		6.166173042868749e-08	0.367635189669088	0.49362139917695474	0.0	-109872.359375	-375.342316	-109608.578125
WT19-40		6.166173042868749e-08	0.3675009559815586	0.4907937806873977	0.0	-109872.359375	-375.342316	-109608.578125
WA19Y-36		6.541693888749461e-08	0.35117879944359237	0.477136431784108	0.0	-109609.148438	-362.99115	-109364.117188
1BLC
DA179N-331		2.04337421712297e-08	0.2954746875016991	0.43434722743772686	0.0	-135285.828125	-695.07605	-134827.234375
WT179-331		1.8880354227464317e-08	0.3116499609237725	0.4458350716172994	0.0	-134114.0	-699.093018	-133673.234375
WT179-332		1.8880354227464317e-08	0.32928670743193744	0.4504707039482928	0.0	-134114.0	-699.093018	-133673.234375
1BOY
RA200W-452		3.2678910170377715e-08	0.28828984904657956	0.41078305519897307	0.0	-179015.34375	-424.600616	-178545.1875
WT200-452		3.2035029673861715e-08	0.306690583542877	0.4212962962962963	0.0	-179084.09375	-412.501862	-178559.578125
WT200-453		3.2035029673861715e-08	0.27421488635653896	0.4153863282119795	0.0	-179084.09375	-412.501862	-178559.578125
WT200-454		3.2035029673861715e-08	0.23972101883430116	0.4019174835721211	0.0	-179084.09375	-412.501862	-178559.578125
1CAH
CA206S-469		2.2872656283853223e-08	0.3555106257007168	0.4350918024308249	0.0	-140449.90625	-538.431702	-139872.125
WA5F-9		2.2380521030511205e-08	0.4265033993559115	0.4619202949936179	0.0	-139860.703125	-542.036926	-139254.359375
WT5-469		2.3221179054814752e-08	0.3710879650966295	0.4241187384044527	0.0	-140272.1875	-535.645081	-139675.09375
WT5-470		2.3221179054814752e-08	0.3691858733845512	0.4293226493051208	0.0	-140272.1875	-535.645081	-139675.09375
WT5-9		2.3221179054814752e-08	0.416643291257597	0.44888074355282104	0.0	-140272.1875	-535.645081	-139675.09375
WT5-10		2.3221179054814752e-08	0.3995308621771268	0.4409722222222222	0.0	-140272.1875	-535.645081	-139675.09375
WT5-11		2.3221179054814752e-08	0.3762841314520322	0.4284643258777958	0.0	-140272.1875	-535.645081	-139675.09375
WT5-12		2.3221179054814752e-08	0.40342925048807404	0.4393337604099936	0.0	-140272.1875	-535.645081	-139675.09375
WT5-13		2.3221179054814752e-08	0.3703864734299517	0.42707684643168514	0.0	-140272.1875	-535.645081	-139675.09375
1G4I
FA22A-48		1.0500214681478948e-07	0.3205736911885907	0.4678633468442386	0.0	-108068.226562	-236.445969	-107818.5625
FA22Y-48		1.0173171705557299e-07	0.30640694956047654	0.4736635989817897	0.0	-108503.304688	-241.513397	-108161.585938
FA106Y-230		9.936324839549211e-08	0.21434537066496978	0.43450303141649826	0.0	-108319.710938	-264.873596	-107999.445312
FA106I-230		9.892993443331908e-08	0.27308342809092906	0.45710881652104846	0.0	-108658.320312	-258.956024	-108326.34375
FA106A-230		9.858319831007173e-08	0.2094523101728221	0.4440645773979107	0.0	-108864.421875	-250.254242	-108548.132812
HA48N-102		1.0035086797044177e-07	0.32752261656228254	0.47540983606557374	0.0	-108137.359375	-223.302643	-107855.398438
FA22I-48		1.0252130280289782e-07	0.3251442895246251	0.4781110660721524	0.0	-108069.164062	-231.678085	-107800.398438
HA48A-102		1.0197326091236809e-07	0.3160407782993514	0.4756944444444444	0.0	-108588.171875	-247.02803	-108290.875
WT48-48		1.0333872434235106e-07	0.33052836292577115	0.46957383548067394	0.0	-105154.046875	-238.569412	-104861.234375
WT48-49		1.0333872434235106e-07	0.33762403554337794	0.4708805406479825	0.0	-105154.046875	-238.569412	-104861.234375
WT48-50		1.0333872434235106e-07	0.32273054519274824	0.4646009021376741	0.0	-105154.046875	-238.569412	-104861.234375
WT48-51		1.0333872434235106e-07	0.3356659923824103	0.47144278606965173	0.0	-105154.046875	-238.569412	-104861.234375
WT48-230		1.0333872434235106e-07	0.2563441364355623	0.4414011552077511	0.0	-105154.046875	-238.569412	-104861.234375
WT48-231		1.0333872434235106e-07	0.28658500849791946	0.4546152369986567	0.0	-105154.046875	-238.569412	-104861.234375
WT48-232		1.0333872434235106e-07	0.3169269327164064	0.4658800393313668	0.0	-105154.046875	-238.569412	-104861.234375
WT48-233		1.0333872434235106e-07	0.3132065014858628	0.4681818181818182	0.0	-105154.046875	-238.569412	-104861.234375
WT48-102		1.0333872434235106e-07	0.34159597151023	0.47200637577206617	0.0	-105154.046875	-238.569412	-104861.234375
WT48-103		1.0333872434235106e-07	0.34059975553942157	0.4736105557776889	0.0	-105154.046875	-238.569412	-104861.234375
WT48-104		1.0333872434235106e-07	0.3424763969824276	0.4724770642201835	0.0	-105154.046875	-238.569412	-104861.234375
WT48-105		1.0333872434235106e-07	0.3406457319770013	0.4738947789557912	0.0	-105154.046875	-238.569412	-104861.234375
HA48Q-102		1.100386013874992e-07	0.2915094855393363	0.4582376832067809	0.0	-108239.390625	-245.385605	-107913.296875
1HK0
QX143A-340		4.034279679811558e-08	0.3748289764124268	0.47902869757174393	0.0	-113269.757812	-427.417938	-112794.976562
WT145-340		3.9121102752109104e-08	0.3447911860078507	0.47398843930635837	0.0	-114154.21875	-437.58783	-113817.632812
WT145-341		3.9121102752109104e-08	0.3137181409295352	0.4658312447786132	0.0	-114154.21875	-437.58783	-113817.632812
WT145-350		3.9121102752109104e-08	0.3652337418141736	0.4773155281629858	0.0	-114154.21875	-437.58783	-113817.632812
WT145-351		3.9121102752109104e-08	0.38807513252176823	0.4835241068331599	0.0	-114154.21875	-437.58783	-113817.632812
WT145-191		3.9121102752109104e-08	0.3232114487942859	0.46006600660066005	0.0	-114154.21875	-437.58783	-113817.632812
WT145-192		3.9121102752109104e-08	0.3424660068448802	0.46319986708755606	0.0	-114154.21875	-437.58783	-113817.632812
WT145-100		3.9121102752109104e-08	0.35945048309178745	0.46983485001685205	0.0	-114154.21875	-437.58783	-113817.632812
WT145-101		3.9121102752109104e-08	0.3641023911503828	0.4762555517594807	0.0	-114154.21875	-437.58783	-113817.632812
WT145-403		3.9121102752109104e-08	0.35493286631640397	0.47070741178456865	0.0	-114154.21875	-437.58783	-113817.632812
WT145-404		3.9121102752109104e-08	0.3703291557971675	0.4755244755244755	0.0	-114154.21875	-437.58783	-113817.632812
WT145-131		3.9121102752109104e-08	0.3780187022020335	0.4841118249696128	0.0	-114154.21875	-437.58783	-113817.632812
WT145-132		3.9121102752109104e-08	0.3753334397974815	0.48011021181332875	0.0	-114154.21875	-437.58783	-113817.632812
WT145-133		3.9121102752109104e-08	0.35630601222624486	0.4811044003451251	0.0	-114154.21875	-437.58783	-113817.632812
WT145-134		3.9121102752109104e-08	0.3701414608903954	0.48529155787641426	0.0	-114154.21875	-437.58783	-113817.632812
WT145-186		3.9121102752109104e-08	0.3056529951430113	0.44629422122618856	0.0	-114154.21875	-437.58783	-113817.632812
WT145-187		3.9121102752109104e-08	0.2969748672949843	0.44113924050632913	0.0	-114154.21875	-437.58783	-113817.632812
WT145-188		3.9121102752109104e-08	0.23741627060229578	0.42519444868079914	0.0	-114154.21875	-437.58783	-113817.632812
WT145-313		3.9121102752109104e-08	0.3845327604726101	0.48060679193242545	0.0	-114154.21875	-437.58783	-113817.632812
WT145-314		3.9121102752109104e-08	0.3867944685144519	0.47944969905417023	0.0	-114154.21875	-437.58783	-113817.632812
WT145-125		3.9121102752109104e-08	0.3489047114073625	0.47054852320675106	0.0	-114154.21875	-437.58783	-113817.632812
WT145-126		3.9121102752109104e-08	0.33900899291287	0.47278277090045784	0.0	-114154.21875	-437.58783	-113817.632812
WT145-346		3.9121102752109104e-08	0.3800838415963626	0.4851226726987994	0.0	-114154.21875	-437.58783	-113817.632812
WT145-347		3.9121102752109104e-08	0.37516408506169596	0.4847009735744089	0.0	-114154.21875	-437.58783	-113817.632812
MX147A-350		4.1087542555262784e-08	0.3380899965930236	0.46452757175104803	0.0	-113956.640625	-426.801849	-113540.96875
IX81A-191		4.012238863690608e-08	0.3240908139379984	0.45767575322812054	0.0	-113805.273438	-410.369965	-113342.984375
MX43A-100		3.926259351758279e-08	0.36002703782222634	0.47020769492679604	0.0	-113847.703125	-422.151794	-113435.515625
VX170A-403		3.911267084665928e-08	0.36590895602112883	0.4824343506032647	0.0	-114202.984375	-418.4487	-113793.929688
FX56A-131		3.938908895501126e-08	0.37956594973578756	0.4873769024171889	0.0	-114215.0625	-423.840271	-113844.960938
RX79A-186		4.177504030680576e-08	0.32458929350265164	0.44513772637345916	0.0	-113659.789062	-413.777985	-113291.632812
VX132A-313		4.0595316000037635e-08	0.3919819235055662	0.4738675958188153	0.0	-114024.039062	-432.257141	-113628.03125
QX54A-125		4.057958743987821e-08	0.3613552368658379	0.48056118999323866	0.0	-113397.210938	-427.479614	-113016.789062
LX145A-346		3.8636314374514e-08	0.39133263540169516	0.4902632527948071	0.0	-113617.296875	-425.704681	-113204.460938
1IET
WT60-142		1.5639925852708704e-07	0.17953830633196843	0.4322594410070407	0.0	-88594.273438	-256.416992	-88440.523438
WT60-143		1.5639925852708704e-07	0.1570915835621718	0.42878306878306877	0.0	-88594.273438	-256.416992	-88440.523438
DA60R-142		1.4821101198228904e-07	0.24323113978286393	0.46406324868231913	0.0	-88709.21875	-281.242157	-88577.289062
1IMQ
VA71I-155		1.7430451057447992e-07	0.30506283805281575	0.515973989256432	0.0	-78068.78125	-195.000717	-77854.257812
AA25G-55		1.7837359309338283e-07	0.14894562801539546	0.4521354933726068	0.0	-77687.398438	-187.797684	-77461.226562
WT19-155		1.7106750060181375e-07	0.2801281103720128	0.5183898059658268	0.0	-77925.578125	-187.365128	-77724.617188
WT19-156		1.7106750060181375e-07	0.29764370666433276	0.5209545983701979	0.0	-77925.578125	-187.365128	-77724.617188
WT19-55		1.7106750060181375e-07	0.17430845912172538	0.46289113007499355	0.0	-77925.578125	-187.365128	-77724.617188
WT19-72		1.7106750060181375e-07	0.24935804514392212	0.5057925967787511	0.0	-77925.578125	-187.365128	-77724.617188
WT19-73		1.7106750060181375e-07	0.24271070615034168	0.5009795689896446	0.0	-77925.578125	-187.365128	-77724.617188
WT19-91		1.7106750060181375e-07	0.31314061960152023	0.5224751897256276	0.0	-77925.578125	-187.365128	-77724.617188
WT19-92		1.7106750060181375e-07	0.3181874399444397	0.5292726197516262	0.0	-77925.578125	-187.365128	-77724.617188
WT19-149		1.7106750060181375e-07	0.3198636425794604	0.5243116578793204	0.0	-77925.578125	-187.365128	-77724.617188
WT19-150		1.7106750060181375e-07	0.32077308656256026	0.5283353010625738	0.0	-77925.578125	-187.365128	-77724.617188
WT19-66		1.7106750060181375e-07	0.1572902379390542	0.4597996403801695	0.0	-77925.578125	-187.365128	-77724.617188
WT19-67		1.7106750060181375e-07	0.14805084230371587	0.45466090932181863	0.0	-77925.578125	-187.365128	-77724.617188
WT19-79		1.7106750060181375e-07	0.2948496912322498	0.5173410404624278	0.0	-77925.578125	-187.365128	-77724.617188
WT19-80		1.7106750060181375e-07	0.29938553929366846	0.520500145391102	0.0	-77925.578125	-187.365128	-77724.617188
WT19-43		1.7106750060181375e-07	0.2817592873772649	0.5151079136690647	0.0	-77925.578125	-187.365128	-77724.617188
WT19-44		1.7106750060181375e-07	0.29155784998481626	0.5214098456160793	0.0	-77925.578125	-187.365128	-77724.617188
VA34L-72		1.7673160773120773e-07	0.2781201065625445	0.510466089868825	0.0	-77281.265625	-202.45137	-77101.921875
EA41V-91		1.787614044544642e-07	0.2516849001598696	0.4949682203389831	0.0	-77856.539062	-189.946411	-77675.789062
VA68I-149		1.710529566874243e-07	0.2963854696481777	0.534388314059647	0.0	-77663.976562	-214.405548	-77480.9375
EA31L-66		1.802554265678905e-07	0.13705115297952922	0.44716432380029086	0.0	-77698.21875	-199.559998	-77509.46875
VA37L-79		1.6585285191273505e-07	0.3151752466505432	0.543677073478398	0.0	-77892.296875	-210.105667	-77714.828125
VA19L-43		1.7563354911585502e-07	0.2854323683160834	0.5133826879271071	0.0	-77537.15625	-217.418396	-77281.09375
1LVE
WT4-7		1.0890912662996091e-07	0.26981776765375853	0.47961213326703134	0.0	-97840.289062	-176.040314	-97522.8125
WT4-8		1.0890912662996091e-07	0.30254511892938474	0.4874905231235785	0.0	-97840.289062	-176.040314	-97522.8125
MA4L-7		1.1248139136393341e-07	0.28123044089430643	0.46198962327994586	0.0	-98259.40625	-172.491165	-97935.960938
1MSI
DA36A-67		3.563944965846953e-07	0.21609498680738787	0.5406813627254509	0.0	-58418.1875	-68.941261	-58279.46875
RA47A-90		3.568517151947806e-07	0.18709415584415584	0.5107995452823039	0.0	-58317.339844	-68.204689	-58178.003906
DA58N-111		3.592492628770023e-07	0.2004459308807135	0.520426941479573	0.0	-58720.355469	-66.568413	-58593.503906
EA25A-47		3.511811754078892e-07	0.23765230635335075	0.538430256201708	0.0	-59194.757812	-72.623344	-59014.085938
RA39A-73		3.545884011209688e-07	0.19833780846439075	0.5258855585831063	0.0	-58572.167969	-69.253494	-58414.628906
WT23-67		3.4927094419634127e-07	0.22535853068870804	0.5366614664586583	0.0	-58491.351562	-83.966454	-58317.941406
WT23-68		3.4927094419634127e-07	0.2476389088642792	0.546031746031746	0.0	-58491.351562	-83.966454	-58317.941406
WT23-90		3.4927094419634127e-07	0.18921896517804446	0.5079365079365079	0.0	-58491.351562	-83.966454	-58317.941406
WT23-91		3.4927094419634127e-07	0.16394691035683204	0.4990932172651433	0.0	-58491.351562	-83.966454	-58317.941406
WT23-92		3.4927094419634127e-07	0.13851538988129836	0.4942528735632184	0.0	-58491.351562	-83.966454	-58317.941406
WT23-111		3.4927094419634127e-07	0.1892731386646316	0.5174877773599097	0.0	-58491.351562	-83.966454	-58317.941406
WT23-112		3.4927094419634127e-07	0.16996830980999847	0.5066273932253313	0.0	-58491.351562	-83.966454	-58317.941406
WT23-47		3.4927094419634127e-07	0.1589620387233438	0.5143925233644859	0.0	-58491.351562	-83.966454	-58317.941406
WT23-48		3.4927094419634127e-07	0.17887002129095914	0.5167104769057455	0.0	-58491.351562	-83.966454	-58317.941406
WT23-73		3.4927094419634127e-07	0.25664707528687375	0.5482071713147411	0.0	-58491.351562	-83.966454	-58317.941406
WT23-74		3.4927094419634127e-07	0.2625351424031292	0.5602605863192183	0.0	-58491.351562	-83.966454	-58317.941406
WT23-75		3.4927094419634127e-07	0.27512561263163093	0.5714285714285714	0.0	-58491.351562	-83.966454	-58317.941406
WT23-42		3.4927094419634127e-07	0.24549700644279332	0.5462485113140135	0.0	-58491.351562	-83.966454	-58317.941406
WT23-43		3.4927094419634127e-07	0.2573519225198675	0.5517241379310345	0.0	-58491.351562	-83.966454	-58317.941406
WT23-44		3.4927094419634127e-07	0.22716998747021105	0.5466825586015097	0.0	-58491.351562	-83.966454	-58317.941406
RA23A-42		3.5099849696381137e-07	0.2626482538637773	0.5572550640760645	0.0	-58630.792969	-76.394096	-58435.402344
1ONC
FA28A-63		1.236466748237107e-07	0.2848606885683644	0.49305737490175533	0.0	-84039.25	-188.037109	-83703.960938
MA23L-53		1.2107457570097242e-07	0.27489564698867025	0.4767901234567901	0.0	-87929.632812	-199.887573	-87657.164062
FA36Y-85		1.2133443073944461e-07	0.33583773055138694	0.5017875383043923	0.0	-88264.257812	-206.278351	-88019.796875
WT36-63		1.2571851705738583e-07	0.20598335370467377	0.4637216754406043	0.0	-88018.945312	-190.105072	-87748.1875
WT36-64		1.2571851705738583e-07	0.23766235123245874	0.4764816556914393	0.0	-88018.945312	-190.105072	-87748.1875
WT36-65		1.2571851705738583e-07	0.27234624925156103	0.4814638783269962	0.0	-88018.945312	-190.105072	-87748.1875
WT36-66		1.2571851705738583e-07	0.23388717817124283	0.46746654360867557	0.0	-88018.945312	-190.105072	-87748.1875
WT36-53		1.2571851705738583e-07	0.24365821094793058	0.4647855012617573	0.0	-88018.945312	-190.105072	-87748.1875
WT36-54		1.2571851705738583e-07	0.29602489659560927	0.4855020369039061	0.0	-88018.945312	-190.105072	-87748.1875
WT36-85		1.2571851705738583e-07	0.34507413702162576	0.49803343166175024	0.0	-88018.945312	-190.105072	-87748.1875
WT36-86		1.2571851705738583e-07	0.3457517674631191	0.49938378111905346	0.0	-88018.945312	-190.105072	-87748.1875
WT36-87		1.2571851705738583e-07	0.34533360562476295	0.5006177415369409	0.0	-88018.945312	-190.105072	-87748.1875
WT36-88		1.2571851705738583e-07	0.3262429200755192	0.4948705422569614	0.0	-88018.945312	-190.105072	-87748.1875
1P2P
WT48-103		8.122708653223496e-08	0.31879631200859776	0.49228015215931975	0.0	-97126.28125	-230.890427	-96804.359375
WT48-104		8.122708653223496e-08	0.335818229821864	0.5030871255431054	0.0	-97126.28125	-230.890427	-96804.359375
WT48-105		8.122708653223496e-08	0.34367265469061875	0.5021684546907099	0.0	-97126.28125	-230.890427	-96804.359375
WT48-106		8.122708653223496e-08	0.34566411057464735	0.5027422303473492	0.0	-97126.28125	-230.890427	-96804.359375
HA48N-103		8.492714757191116e-08	0.3160159680638723	0.48457690704460193	0.0	-101948.578125	-232.812408	-101646.414062
HA48K-103		8.123193333314488e-08	0.3207132333497035	0.4912621359223301	0.0	-103734.1875	-280.660004	-103447.851562
HA48Q-103		7.772794121996608e-08	0.30209482702667617	0.49645065262193727	0.0	-102282.203125	-263.648071	-101971.390625
1PDO
WA69F-140		9.955633301901294e-08	0.2263702181503363	0.4509727626459144	0.0	-99811.4375	-285.57959	-99567.71875
WA12F-20		9.802427280027366e-08	0.3546176658343636	0.49682921495735843	0.0	-99902.210938	-286.277222	-99639.84375
WA33F-61		9.913516748580228e-08	0.3259042033235582	0.4669621273166801	0.0	-99824.960938	-267.424286	-99577.609375
WT33-140		1.0276213322701838e-07	0.1814613710776239	0.44056586441300755	0.0	-99940.554688	-294.216278	-99688.109375
WT33-141		1.0276213322701838e-07	0.17001231830500124	0.4391137154367332	0.0	-99940.554688	-294.216278	-99688.109375
WT33-142		1.0276213322701838e-07	0.16685645185670378	0.4322278298485941	0.0	-99940.554688	-294.216278	-99688.109375
WT33-143		1.0276213322701838e-07	0.17951209636602894	0.43711265038279257	0.0	-99940.554688	-294.216278	-99688.109375
WT33-144		1.0276213322701838e-07	0.18549906786919937	0.43903332112779203	0.0	-99940.554688	-294.216278	-99688.109375
WT33-20		1.0276213322701838e-07	0.34173490169998755	0.47560491868306226	0.0	-99940.554688	-294.216278	-99688.109375
WT33-21		1.0276213322701838e-07	0.3391477899656001	0.4711198428290766	0.0	-99940.554688	-294.216278	-99688.109375
WT33-22		1.0276213322701838e-07	0.3327987781596029	0.4729783037475345	0.0	-99940.554688	-294.216278	-99688.109375
WT33-23		1.0276213322701838e-07	0.3121887064613296	0.47372580007902015	0.0	-99940.554688	-294.216278	-99688.109375
WT33-24		1.0276213322701838e-07	0.30902079864735466	0.46890887759092686	0.0	-99940.554688	-294.216278	-99688.109375
WT33-61		1.0276213322701838e-07	0.3735656156708788	0.4766448022261976	0.0	-99940.554688	-294.216278	-99688.109375
WT33-62		1.0276213322701838e-07	0.35893013972055887	0.47372580007902015	0.0	-99940.554688	-294.216278	-99688.109375
WT33-63		1.0276213322701838e-07	0.3521139798700643	0.4662648259770562	0.0	-99940.554688	-294.216278	-99688.109375
WT33-64		1.0276213322701838e-07	0.32828056112224446	0.459915611814346	0.0	-99940.554688	-294.216278	-99688.109375
WT33-65		1.0276213322701838e-07	0.32048703915828775	0.4544248626113322	0.0	-99940.554688	-294.216278	-99688.109375
1QND
CA71S-153		8.873042719464606e-08	0.28006557051313896	0.4968074656188605	0.0	-89469.320312	-279.925751	-89234.242188
WT71-153		8.606353925266349e-08	0.27793475032879383	0.4965986394557823	0.0	-90339.78125	-278.515808	-90081.664062
WT71-154		8.606353925266349e-08	0.28674700873871	0.49873481781376516	0.0	-90339.78125	-278.515808	-90081.664062
1SSO
IA29V-70		2.6525994870444147e-07	0.22785060831840045	0.5381818181818182	0.0	-68790.125	-233.780365	-68780.398438
WT29-70		2.599398617550254e-07	0.2190390057472941	0.5383338864918685	0.0	-68412.117188	-248.154251	-68397.882812
WT29-71		2.599398617550254e-07	0.24267605910170123	0.5485289144403112	0.0	-68412.117188	-248.154251	-68397.882812
