Struct(WT-C-Num-new-Nd) global centrality        local centrality        frame       E_LJ        E_C            ET  
1A43
GA156A-18		2.6253591917874586e-07	0.3971210942804588	0.0	-68336.71875	-182.680389	-68220.5625
WA184A-85		2.9634865799909344e-07	0.38945728600901014	0.0	-66427.882812	-161.801346	-66279.210938
WT156-18		2.544853891727631e-07	0.3545636382777134	0.0	-68540.132812	-178.924606	-68385.65625
WT184-85		2.544853891727631e-07	0.4743657227076534	0.0	-68540.132812	-178.924606	-68385.65625
WT184-86		2.544853891727631e-07	0.44840230487166055	0.0	-68540.132812	-178.924606	-68385.65625
WT184-87		2.544853891727631e-07	0.41822035939683	0.0	-68540.132812	-178.924606	-68385.65625
WT184-88		2.544853891727631e-07	0.4947868396663577	0.0	-68540.132812	-178.924606	-68385.65625
WT184-89		2.544853891727631e-07	0.4702315071020107	0.0	-68540.132812	-178.924606	-68385.65625
WT218-152		2.544853891727631e-07	0.40382772768591996	0.0	-68540.132812	-178.924606	-68385.65625
WT218-153		2.544853891727631e-07	0.4470451711665	0.0	-68540.132812	-178.924606	-68385.65625
WT167-45		2.544853891727631e-07	0.43977935154405745	0.0	-68540.132812	-178.924606	-68385.65625
WT167-46		2.544853891727631e-07	0.4009000790609986	0.0	-68540.132812	-178.924606	-68385.65625
WT167-47		2.544853891727631e-07	0.40328563857975624	0.0	-68540.132812	-178.924606	-68385.65625
WT159-24		2.544853891727631e-07	0.49635036496350365	0.0	-68540.132812	-178.924606	-68385.65625
WT159-25		2.544853891727631e-07	0.4937873236753947	0.0	-68540.132812	-178.924606	-68385.65625
CA218S-152		2.6694585555633224e-07	0.41858190709046456	0.0	-68471.9375	-173.909363	-68322.921875
CA218S-153		2.6694585555633224e-07	0.43575933668769046	0.0	-68471.9375	-173.909363	-68322.921875
RA167A-45		2.7954321981860774e-07	0.4915375391994097	0.0	-68517.570312	-162.469955	-68356.25
EA159D-24		2.6294696470181826e-07	0.3816154957223806	0.0	-67668.046875	-192.047852	-67568.421875
EA159D-25		2.6294696470181826e-07	0.39773067331670825	0.0	-67668.046875	-192.047852	-67568.421875
